4252 3623 811 8039 7829 1292 3306 2867 5436 9407 9382 2482 3512 4889 9731 4339 807 5209 5471 3168 3613 3704 7249 8675 9586 5303 5828 9827 1270 653 8327 1042 7688 5685 9879 3758 508 2703 7012 4155 9484 70 4065 263 8382 7486 3878 6861 2741 1711 6326 9125 5004 1040 7330 6131 4322 4147 6169 9028 2700 2782 9822 5494 8056 5026 2685 2994 2087 2619 1443 9309 1337 433 8840 517 4449 7755 6759 3428 891 8037 7260 7515 7450 5664 4796 4133 8624 5505 4788 791 1609 8065 478 4580 8660 2300 1416 7568 
2529 6338 6254 9265 4462 5620 4081 2255 8061 2732 5109 8207 170 1310 6354 4618 2350 5567 6304 5092 7029 1432 9082 1829 5697 8714 1142 2090 8635 831 882 4521 8891 57 6038 7521 3068 5707 2505 3893 5654 5089 3948 3008 5644 8512 1666 2509 7296 8478 4348 2746 2585 7509 9634 1222 8393 9017 8569 6202 2724 5522 4952 9600 6170 4276 9541 81 1356 3952 6071 4309 4317 1785 1069 1330 9314 6751 7651 2036 8000 4586 522 6226 7884 3320 4274 1987 2339 6403 7585 7400 3910 4286 9275 1759 896 6310 2431 2617 
655 8284 2352 433 2359 6864 5802 811 4796 8382 5979 6942 9028 3316 5175 1270 9836 3268 4580 3387 8044 9019 7110 7001 4296 4788 5278 7483 9451 4339 1762 7005 845 163 6453 1443 6015 4690 1084 8693 1770 6804 152 1194 8578 4508 9824 5505 8432 5230 2495 184 7615 3892 9474 517 1716 1040 8482 3308 5068 9356 8056 478 3460 6326 5004 5065 7754 3878 2874 9879 2784 7688 2994 4605 3416 1042 6759 273 9275 3623 807 7536 5494 7830 7186 3704 9916 3758 1316 5084 2567 6923 928 7163 4366 4800 5832 2126 
3951 2898 7535 428 1892 1315 7410 3791 1759 7416 8073 9278 6911 8498 3167 8029 9249 5878 6892 53 1473 6537 6745 9758 1842 3399 9352 174 1779 7765 2774 6227 3672 420 7544 4104 9689 1612 1718 3488 2635 1246 3548 6485 5497 2872 9556 7400 8734 9799 4830 3288 6878 7446 4717 3131 4257 2044 7271 8652 2245 2254 7345 4272 5366 7224 5628 4902 9949 5338 1964 792 3909 9062 120 8752 7875 977 5281 7596 4106 2449 1341 2136 9729 7293 5312 1611 7977 7439 839 7369 3179 7020 6701 9522 5362 2509 5229 3400 
754 8101 1108 9857 2310 2386 9448 3439 1780 7055 1144 6879 7492 3359 5185 7567 38 8192 3269 6444 4061 5401 1530 9216 7789 8134 6521 4655 7385 3184 8006 4438 7281 1619 4940 4656 2075 6529 4430 9697 6589 9995 4589 6948 2940 7580 5318 2048 6176 5399 3792 6696 9460 1113 4040 7169 9126 6211 7293 9768 9133 9389 1263 6100 7335 79 3339 6949 9293 7140 6042 8370 7554 903 2281 5916 7118 7020 9205 9408 8272 7885 9043 3154 1265 917 2366 1787 8483 6604 9227 2288 3385 5509 6107 5936 4720 7611 4519 3942 
3126 3858 9815 7028 9976 7516 684 6510 1825 4181 67 5874 3160 6639 9845 2933 2893 8214 4928 3449 5273 4377 852 910 1645 7703 9512 1327 3152 6615 3873 90 4263 9609 7923 1869 778 9894 8546 6607 6745 1395 4376 3237 9896 4936 6657 6932 1546 6887 2499 5628 9862 2577 7245 848 5142 4223 1430 1179 5529 6127 5903 2458 9810 3497 8171 4997 2635 6896 4289 8330 2494 8133 817 5594 1499 3980 541 3562 6056 7528 6917 1800 1049 3347 9540 2889 3478 936 5290 8425 9666 8104 7264 1889 5156 7925 5040 2309 
95 5446 7106 6346 5270 4857 1236 5942 9646 3590 6656 1573 1155 7285 9708 2177 7110 170 471 7935 22 5233 8809 3485 5876 655 5757 1913 2258 9495 4296 2184 5918 8508 2474 5979 6397 5126 9770 3910 4359 5616 894 7338 7755 1194 9545 2353 5011 1834 2483 1987 6804 5802 9739 4690 3758 7882 7334 1523 6942 1054 2278 2366 9874 1955 1806 1499 6958 4412 3855 9541 6759 7483 2646 5002 8297 9239 4222 2379 6818 8888 2891 4493 6530 1716 2896 5687 8531 2064 5845 6326 3787 566 3395 2604 9024 5851 4625 4558 
6771 5107 8959 5830 5308 7068 7459 9300 4700 4361 3760 3086 6342 4947 2562 6638 4670 7821 5795 5536 6133 7016 1767 3371 4604 9285 7931 3213 2408 8499 2271 7799 5642 2363 335 7720 1280 9330 1371 6404 11 2611 6021 6030 273 7222 5060 9433 6536 2427 5989 2059 1443 5296 5658 4972 3084 3420 1477 3387 7056 3159 489 6962 9868 9715 5361 8702 9467 954 5572 4490 2378 999 5302 4629 3110 8064 4000 2070 8837 5100 7569 9502 2483 5474 6076 1923 6480 7378 4760 8791 6774 4131 5096 9446 3076 5375 9906 2502 
1763 4333 45 742 6031 628 6381 3052 210 1351 8466 1505 4584 8894 2109 1262 9783 4766 8775 8460 5680 4077 3355 9480 9655 9414 2873 5849 1667 4304 7449 764 2738 3429 9584 683 6018 1570 7453 5365 9855 2178 2901 6646 8560 6806 7517 7970 1590 4511 1921 9565 4421 9720 4525 9558 9839 9588 6253 1858 4351 6928 9255 1481 9613 7974 863 2246 7327 6535 3731 964 4776 4006 2396 8638 7530 1548 2904 1230 9090 4550 3614 3626 6545 1995 5085 3181 2817 8033 5520 5910 8536 9142 7598 5447 2970 2787 5154 8198 
762 2276 4158 1651 6528 5135 441 8287 6572 1266 2268 4078 4854 2168 1186 2865 7366 6934 2489 4046 9787 8233 4086 2781 9874 1422 5364 4990 2580 4153 1106 1946 3596 6252 3904 4297 9616 3173 7923 4547 6351 1193 8498 6810 2520 4879 591 3517 9227 5235 792 7684 1523 8345 961 1210 2400 3777 7945 299 5537 6531 7706 8984 4707 7990 2912 7591 9546 8519 6885 4337 5804 1103 4578 4723 8085 9636 2377 3179 4974 3087 5495 8800 5362 4136 2870 86 7456 908 9269 8935 7874 5370 3364 8294 8046 6836 8120 8646 
8941 786 5569 9285 1388 1940 7863 5371 4359 9047 6231 938 5700 6665 4413 234 7418 3420 2 5096 1083 1039 8016 2383 7919 5350 7911 1949 3855 1744 489 2448 4122 5991 22 9280 1573 5474 9467 3330 9943 1703 8692 280 8469 3552 5288 9134 1220 3965 115 1796 70 3991 4625 2908 8270 2242 3454 5353 1038 2379 6488 2432 118 8178 9519 3416 7222 651 3076 5793 2328 9887 2868 4725 5912 9533 1923 4265 2426 2858 8506 615 3296 7702 2567 7799 3824 7141 1953 393 954 2055 7542 6232 5076 6413 3345 8064 
2987 9444 1269 992 7003 8931 9395 8416 6703 5356 6085 3833 8782 161 950 2139 735 3537 331 8243 7082 7313 6596 6667 2706 1706 301 861 4811 664 3401 7474 4657 289 4324 1718 4678 8671 7762 9406 4483 7979 1195 4813 970 4028 2016 7324 7709 3227 732 5690 5435 6643 6396 5615 513 7549 835 5 5992 9751 4887 1335 1981 4056 5891 5739 7499 6331 8196 6112 5363 6208 4501 923 3040 3049 7539 262 487 9934 5164 658 8433 8246 8169 3968 6651 3676 2870 7489 759 5464 1064 8394 6349 1894 6053 5769 
9805 625 2533 9482 2809 2457 2399 4559 3693 7623 6440 4054 9361 3608 4640 2557 4847 7381 5394 241 9269 4399 8718 2007 6993 961 55 8563 9381 7591 5259 2121 199 9112 3312 4974 4303 162 3364 8680 3067 9636 6410 1308 946 8384 4275 4220 5015 2116 9230 5528 9606 7456 1911 6280 3794 3543 9704 8593 8378 6342 2575 1968 5516 1781 7781 6850 8503 1693 8085 6985 4578 3448 835 6448 857 83 9358 6614 7011 5100 3133 3964 11 2634 3517 7847 552 2046 6934 5452 7280 694 9499 5495 1434 5981 8743 1475 
380 6215 4528 691 3744 4983 4869 9765 4080 3671 2225 6287 7772 8355 9157 8018 1115 3048 2955 5705 9698 3902 9544 3820 4163 9791 442 5137 2004 7890 4323 3047 5481 696 2274 241 3739 8392 4388 8079 9118 886 8972 8537 3084 5919 6471 9305 3448 5250 2823 4634 4643 3054 9559 7087 8235 9499 6152 3992 5294 4640 104 9922 5248 9737 7241 5589 6572 7587 699 4879 6920 1130 8041 3624 9585 9215 1998 3098 916 6731 5287 3783 709 5867 2097 258 5906 6897 5621 6623 4990 6355 7031 9653 2401 261 3317 4107 
1548 7453 429 8625 6829 187 9160 5864 7598 4822 523 4518 8390 7477 5297 9941 6930 2817 8161 2808 3065 4030 6941 2487 1403 6783 257 8470 5162 4304 5763 4745 1947 4806 703 5488 7187 683 5134 1193 1185 3088 7660 8091 6323 8530 6103 5777 5462 7644 6096 4421 1320 1668 5794 3778 6806 217 9862 362 9565 4542 3928 5367 8536 6683 1412 3725 4584 1471 8423 6468 1614 3374 5019 8571 542 9057 5538 7640 2222 9788 7017 6753 3132 30 6737 5370 3734 1647 8198 9847 8228 8477 7706 2738 8147 8695 5005 6668 
5985 9300 5642 5572 6480 8064 3764 602 7057 1985 3039 4341 8791 8691 6979 6762 2070 216 714 7090 7506 2615 5658 9868 9701 2066 7016 5733 7618 6399 148 5795 2408 587 745 1451 3823 6133 4159 2186 7158 5781 5953 9851 3344 5361 4426 2055 7419 5288 371 5672 1615 9561 8020 5536 7109 3506 5904 140 6302 1640 8009 705 2378 3213 5233 2404 2877 3543 7799 2383 8115 1924 2427 1293 6066 5740 6565 9505 9433 1026 7184 7141 4786 5123 6473 3875 7039 9481 4436 2046 6542 2858 324 7850 5219 6527 7420 2027 
9432 6986 6087 7328 3569 7580 4836 4337 768 1610 264 1266 2341 8751 5617 2781 5657 9205 2249 3462 4731 5704 3043 2473 9227 3792 1315 1335 5918 4723 5792 2374 4154 4158 4162 8696 3791 9178 5464 2580 8217 8287 4343 8294 792 3288 5281 2377 2168 42 9616 3787 6934 7831 4547 7874 2977 9798 9969 9874 9799 2627 6885 8357 8387 4890 2293 6671 1048 7885 5463 6701 7783 281 3585 9408 8252 2717 1148 6660 3054 4088 8519 2897 4940 4038 5895 3595 8498 5908 1946 7369 62 2538 5440 2309 762 3598 1651 7170 
2781 4158 1266 1946 9787 6934 8287 1106 7874 6810 2865 1651 4162 8519 2168 4038 5657 6351 1610 4046 7580 8060 762 5792 3596 7366 9408 1186 4854 2580 2341 4337 792 2268 4836 3107 7923 7369 911 4086 6528 62 2276 4198 6572 5704 9432 6279 2249 8696 5235 8489 8935 7885 4723 441 9370 3087 3388 4578 9205 2870 2377 6012 1486 7945 1672 7684 4214 7591 9211 5908 3792 6252 8233 3674 5430 5135 7556 9227 3598 3132 8217 9616 3395 2174 1713 1787 1113 1802 2489 3569 4731 6885 2644 8994 2635 8646 8751 3628 
2891 2366 17 55 8751 5237 1103 199 7906 5925 6824 7647 5711 6908 5223 4707 5550 9541 3762 6477 6416 5011 8325 7754 9616 7527 212 2177 6530 6208 7948 8041 762 840 3682 8287 806 3121 6334 1946 8489 7970 9974 4053 5281 2865 2276 376 9215 6361 9441 4836 3388 3959 1955 2168 6508 2064 2377 2288 5822 5052 7488 2657 7613 422 7272 3601 3395 8796 8538 1693 3407 288 5547 792 5449 4669 7580 6810 7222 4451 5270 7885 8994 2793 2921 7520 4502 4024 9914 6219 5033 9874 6080 5287 8631 1186 4492 2580 
7477 9941 4745 2817 5134 39 187 5005 4871 2121 5162 6962 542 429 6103 703 6421 6506 1548 3067 8887 7598 1668 8423 7453 6342 683 1193 7627 3799 523 257 9606 2808 6808 4421 9574 8161 1947 4584 4518 9142 1614 1625 5063 654 6096 5528 8625 4030 3725 5100 8743 6353 9846 1403 3133 8390 9788 3088 2140 4105 2557 7682 8252 3371 2970 3001 6806 4918 1021 5442 3132 4542 3364 8085 7131 5917 8584 6993 8209 7644 8463 2069 5488 7381 6782 4067 3554 4303 4102 4304 2427 2904 2487 116 2303 4670 7591 9716 
4748 6198 7764 5986 9901 4143 3154 572 1936 7236 5865 1628 1263 7730 6802 1630 2289 3093 341 1935 2048 2419 7099 3518 8685 7331 6696 8078 7611 9889 3404 141 5344 4184 1828 8965 4709 5635 2079 629 5944 4627 9450 1890 9921 239 375 1457 3597 9825 9378 6860 8218 7133 6049 6137 7886 8715 6821 6870 5821 4907 2770 9389 9383 9375 8535 4505 8122 1099 7734 6851 6564 8774 8368 4987 2640 1562 284 646 9103 6949 1331 3611 622 617 7582 7882 2029 1150 3011 798 8956 2329 3917 7467 874 2422 9863 6447 
7402 7882 2057 4728 4709 5944 1628 2675 8368 2660 341 9770 5383 1844 3681 6870 5185 3874 9708 4375 3801 9854 5511 2590 549 9389 8685 3269 2074 1831 2710 5756 1152 4283 5221 4589 5110 3755 3154 8412 8710 4117 8612 1890 1630 6003 5399 6447 9825 5500 7285 3754 446 8228 8956 1806 9517 8381 226 1799 5344 1436 3957 2184 2048 1054 1539 2289 2896 7457 980 2078 7611 9562 583 6912 1354 7492 9273 5622 1619 419 1499 2672 3999 8909 1536 5491 3211 4505 9792 5171 5298 9495 8122 6818 5765 8756 9515 9383 
2659 4896 1968 5658 5452 9433 6397 3264 3590 2634 14 5065 997 8763 8426 2121 8743 5123 9906 9702 3729 4607 6960 6017 2126 8895 4303 2563 3089 8753 3067 3076 9943 4359 9581 1615 2220 145 9269 3110 9134 39 1285 1959 2483 2242 5955 961 425 8938 7884 5222 8415 6533 7222 9542 8333 9045 7348 4972 6907 834 2308 4078 9239 2381 3086 1339 3364 7398 766 6924 9393 8613 1695 5371 6307 2328 9779 6353 9093 7781 6021 2541 8115 2858 6774 1021 9446 3296 5225 5847 7625 4344 7373 2705 2156 2551 6958 8031 
9488 9963 8619 5381 7181 9089 9163 5595 4367 2038 4956 9211 4658 5645 1203 2006 685 9728 4198 9402 7729 5766 8003 936 5188 4832 5400 6371 8503 1000 6580 4463 240 8120 8935 3107 4086 5300 6483 7147 7951 3291 2032 7591 7868 1755 3406 2638 2854 6012 7941 2579 2575 2428 1333 6316 6533 6351 9408 8585 7760 6173 2864 8008 5885 8933 9977 3133 3035 8745 6009 8918 3300 3020 2349 5390 1802 4046 5125 1970 5612 4338 4607 3583 4575 1258 6391 5908 619 5559 5069 3568 8993 8998 4277 9010 6017 5958 5528 5495 
8990 2495 9822 7973 7929 8444 657 1010 7894 4590 8123 4785 4081 866 777 170 7697 1220 4756 3414 54 2132 4942 6682 9897 6549 8324 8719 6751 1573 1292 1528 2989 5221 971 1356 1459 1132 5620 8840 3306 9519 294 9827 3008 2726 7940 8983 3708 5395 9253 6392 238 8127 4690 8835 8205 7751 254 3753 8139 3818 5654 1836 9908 8531 6869 5175 7652 4580 1040 996 445 560 9655 2467 2784 1902 6594 6141 237 4543 3170 9916 5225 57 4618 4644 7486 9866 3806 7741 1082 6777 1716 7551 7671 9828 8359 4133 
368 8189 1324 8784 8724 4029 3973 8551 9698 3120 5849 6735 5950 3635 4345 5922 1918 2907 5254 1036 6321 8964 3671 4816 2908 5291 2274 8117 2765 7031 5137 1288 394 3228 5960 6330 3441 4869 7634 9763 4877 5549 5675 5762 7112 3178 7612 3003 7819 6752 2099 380 6395 8041 6038 7463 5853 4225 7843 9095 6731 6649 9136 6073 2460 7485 886 6525 6650 9014 8972 713 9234 1130 8336 370 8286 4488 4173 9914 1529 3553 1719 2584 8110 4464 2238 6118 9548 291 1212 8694 6749 7653 456 2830 8899 4378 926 221 
6058 8650 894 9291 1637 3662 5323 7206 1957 8213 6191 398 1385 514 8668 5283 9180 6515 389 4273 5776 5909 981 8208 3785 3898 8519 1104 1176 1387 789 9331 8751 4272 8048 2773 8386 5962 3959 7448 1374 5855 8572 821 4723 1897 1761 1209 9131 2377 5901 6746 8108 4158 8319 8862 5521 1939 7893 2278 4836 7945 8783 1654 8387 8170 8698 3743 2411 5281 4331 2268 8752 2309 7889 3548 256 6285 9594 2022 1214 8604 4890 7364 441 495 4402 2187 8287 3047 3546 8030 2168 792 443 9335 6361 7070 6009 2914 
6605 8748 4344 5525 9433 1191 8969 7936 7855 2361 1055 7733 1381 3643 4455 8589 4737 1244 5508 7288 2771 1559 4220 9749 1968 9300 9923 6496 7748 3173 9269 2483 1691 8150 7656 4504 4607 7630 9907 1981 1589 5023 2644 905 5225 9542 4177 602 7064 717 1942 113 1153 2046 4578 7781 4288 5123 1188 941 5554 4617 7671 5139 731 7635 8791 4484 6399 529 5564 9393 3729 2479 5412 6561 9581 3110 461 9093 8009 9728 3264 587 1700 5452 7456 2308 8348 4717 4744 6307 6774 7572 7591 8058 961 4414 6142 11 
734 7806 4131 1480 288 5714 7964 55 8394 9459 9215 1693 3674 8334 9381 8730 8311 4456 2692 3600 3098 2455 155 7847 6136 5669 4610 5223 8563 2298 9880 9316 6508 6859 1557 4042 7077 8295 3935 299 487 8298 1781 4930 7519 5621 5789 8503 5259 2517 3693 9934 2276 5816 8996 9482 9318 6070 8378 7796 9361 5237 8136 7623 6420 817 1103 3437 9833 5015 5822 5414 4559 4214 1911 9144 895 3448 2656 4626 199 8593 7011 5062 989 4443 2533 1827 6273 8287 6342 8024 1586 7948 9704 8052 3596 7276 2809 552 
7271 1246 330 9278 894 7177 5784 2920 8102 3399 2868 9950 1315 7888 3546 3174 2254 1133 1607 1636 2598 1964 888 7544 7410 3267 8747 4418 673 8141 2774 1718 6555 3548 3179 8714 206 9027 3910 1069 1612 7115 5311 1759 6336 1665 2716 5586 3732 5362 2309 3462 8768 7224 3008 8158 2730 2449 8493 6933 8355 2243 7364 5654 6519 6058 4137 9295 7977 7596 8498 3256 157 3610 9249 6873 3812 8692 7785 7945 3121 7520 7170 9798 9244 4282 4106 4924 4618 154 7466 9306 2129 8687 9729 1892 7315 8237 2548 6087 
7692 5012 2793 901 4306 6563 4204 85 9371 1272 3176 2772 5559 6060 1061 5018 515 2591 8776 3516 1420 2811 9670 6792 2937 7336 8568 7139 6659 5484 9086 8394 4115 1699 6179 6173 6489 6814 1097 4693 2165 7647 3789 4875 619 3307 2002 3484 3023 2403 6372 483 7391 1646 3221 407 1704 9891 4134 3601 8315 351 2506 2940 5647 4832 2149 813 1160 937 6790 9691 8914 6188 6409 2390 5862 9878 7232 4583 6415 2137 1365 6915 5957 9296 9784 5751 3797 2378 3897 3037 8792 3651 3526 4653 1366 6303 4826 4978 
5242 865 7030 1757 1012 7669 4557 5951 8594 1813 5044 2118 5054 9995 2673 6008 9517 5913 6317 3805 6724 5036 9005 2339 4880 8655 6303 7024 9124 9661 2881 463 7642 6991 7873 8145 8075 8953 562 3271 6372 3897 9617 4952 9151 7414 5449 6896 6157 3093 3987 8797 197 176 9241 6763 2348 1616 9108 5673 7543 4624 2149 6652 2104 1105 4861 7130 589 958 9294 4794 4148 7531 3722 9026 6539 4687 3534 7614 3419 1878 9342 3346 1491 635 9016 8999 7958 378 4702 8617 955 4193 3682 5126 5270 7986 383 9037 
2904 4102 4067 9142 1505 9783 3819 9584 3554 4745 2140 1403 6163 2817 7477 6954 4421 9724 1668 628 257 8209 8390 9941 429 1614 6962 5462 2808 4004 5162 6806 8625 30 4701 4518 45 1193 217 3138 5134 8161 4105 4030 39 76 8079 3799 9480 4379 1210 7686 3005 967 9546 187 6608 6941 1548 1774 5063 4542 7733 7306 3088 1625 2487 7143 3725 2109 8228 8400 4471 9788 7644 4643 5777 2489 703 6829 7810 4404 8460 8095 5488 5005 3065 4304 7902 6353 86 1471 5867 9481 611 7970 6103 7453 2069 8252 
6696 2665 3580 6949 9126 6443 2770 7281 5115 2386 1835 1630 5821 7007 355 7999 3917 8710 6100 3994 5309 5432 1150 4430 247 1619 8591 8420 290 124 9256 3276 4472 1936 9520 9479 1900 4589 9270 77 2683 37 9465 3532 8006 3311 6176 9177 341 3338 5757 8535 8015 1019 2035 9450 3492 2310 2789 4143 9383 7118 2723 5624 5446 2660 1362 9818 8436 6855 6948 3384 1731 8234 4370 9759 8977 2029 5986 7611 3301 1211 1582 1099 432 1448 2675 2528 6049 6785 5979 6851 5471 4656 9802 5551 1780 2377 4495 80 
9308 122 5831 2978 2838 5179 3857 4804 2301 5389 5975 2062 3106 7317 1939 7800 3215 5961 9806 5594 4007 6125 7996 679 2268 2309 7274 3480 7619 7535 3546 2814 201 5085 7130 5535 4038 6912 8646 7990 2279 1783 4702 1453 4754 1687 3961 2076 1422 4909 7853 157 6283 8051 7699 3510 7876 8929 2642 6018 4139 8804 7556 2014 6160 3053 5752 1499 3036 347 5369 583 5885 8935 5370 8993 159 3024 258 5290 365 3054 6344 4956 3288 9532 7945 9219 9717 9810 4106 4710 1223 795 2920 9926 6351 5498 4503 7928 
8161 5488 3734 9546 9305 8252 3132 2808 4643 3001 1403 1636 8046 5520 86 7644 7415 1282 1274 8477 5424 994 4990 1117 2489 9616 3364 2580 3179 8095 4421 3596 7477 8228 6829 4547 4308 1193 968 2222 30 251 4304 1471 8695 9798 4854 6933 3065 6753 1186 4374 1505 2097 2553 6930 217 5918 7686 1927 2146 1422 1774 364 1668 817 39 1475 1210 3794 6993 6253 591 8212 5866 9941 7600 2121 1625 3067 3829 3543 9248 766 3429 960 8994 4436 9530 5885 5463 6252 5015 5792 2268 9606 422 6279 5162 7706 
8953 5141 5212 7958 6545 1204 9274 1507 6713 6896 4413 4880 1555 6656 2225 651 2166 7127 1258 8030 4452 8809 8178 3407 5809 3345 1374 4956 4567 1438 1838 268 849 5509 8496 2167 8966 5059 9824 2366 1328 2598 4343 840 8751 6300 6355 6378 1700 4721 806 6317 567 235 6391 1885 2920 1183 5597 4988 22 4836 7906 7441 28 5631 7368 1803 5052 5193 2377 3296 7146 6285 7459 4899 9241 2788 2921 8538 3298 223 6011 6815 1893 3454 3991 1663 1413 5028 4435 2705 7370 1757 9623 6499 3309 118 2802 9335 
5960 7609 1980 6789 9038 9445 7763 6261 9109 6904 8669 8066 6194 6775 5580 6554 268 3482 6916 9468 9354 9343 4095 1014 5068 6272 163 3624 5681 1727 9207 9047 9618 3416 1011 6535 7929 9763 634 7570 3867 7241 1617 1114 825 7471 1116 5304 2394 9129 129 6665 5350 6092 7382 2056 7735 1316 457 1410 9519 4488 7000 5672 1072 8941 4316 2158 9632 3183 3892 8835 2604 5989 6141 1940 3296 8038 9474 1552 7006 6324 8564 6711 9253 504 949 6318 9280 9638 1355 1573 9623 1571 718 6661 676 2273 7144 5150 
2782 8176 5471 9484 5767 8624 3704 666 1678 4062 9879 6729 4147 1002 6260 8879 9125 8785 3822 152 5574 4796 7163 5515 4533 4740 4342 2602 7298 3655 8320 3080 3623 7383 4073 3099 807 4580 9059 1292 5175 0 9337 9437 7615 340 5375 3878 3736 5664 4892 8693 517 3330 4449 4590 3472 263 6231 489 2394 1765 237 869 433 3316 6804 8011 8549 6610 35 5278 9561 6942 478 717 2832 7186 5802 9999 3615 5230 4155 3512 7548 4339 5412 274 8675 9827 507 9542 4134 7001 1554 6547 4605 4991 6904 938 
8726 3937 8796 6650 2658 6735 9904 4640 989 1434 3121 8325 1827 55 694 5124 7946 212 3906 6477 6087 9230 4657 4152 7011 456 7816 750 3776 4847 6663 3257 6183 4137 8862 4592 7314 5237 9914 2100 2533 5704 4362 9616 3693 6334 7488 5587 220 5822 3641 5557 5778 1551 4340 6534 926 9593 3383 5011 6614 1057 3392 8538 625 2907 8041 2899 8336 9805 5015 6330 6523 5071 4337 4559 3876 4405 7822 2584 6877 8751 4084 8705 854 4999 4723 4464 7463 3205 6280 2457 6933 5616 4222 6440 7272 1841 1654 3312 
4399 8503 6850 6440 2533 55 625 5188 7623 4559 1434 2457 2399 5394 6533 772 7011 1308 3600 3241 288 9805 7262 2038 5669 8378 199 5547 7906 8563 6012 3133 7591 8136 6522 1693 5528 9482 7233 1827 8593 6508 5615 4705 9189 4592 9361 961 9144 5124 4847 8311 2259 9606 732 9775 7314 4198 1103 2116 4137 3876 4974 83 1386 8680 212 4362 5452 6523 2557 8935 2597 3067 9269 5425 3776 6234 3693 6183 8631 7878 5237 5908 9683 7253 2809 8266 6993 8148 8751 7592 4054 9230 5033 2121 3608 4455 4658 619 
9829 651 3848 8860 8473 9045 7654 2960 2072 3747 9239 6924 8970 2463 4792 5672 2220 8332 376 7471 7493 7810 8030 1959 7222 329 7884 6068 4344 4413 7321 9393 4625 6217 1965 3076 8896 8753 3089 6798 9097 4471 8725 9226 5225 2541 1155 7146 2745 3117 1834 3463 8941 9638 7441 1286 6777 1507 223 8297 4558 4255 8564 8835 4399 580 6711 862 3647 6361 4018 5888 3855 6071 4781 4678 7340 6323 8629 1838 3624 1613 6473 8458 1615 9739 4534 4435 2218 2483 5881 8819 1550 8751 9143 3774 5339 3888 7459 5337 
6873 1670 3121 5281 3996 5059 4988 7265 6810 2377 2041 7520 1634 3131 4136 7206 6799 2635 1946 4723 7345 6420 8311 7606 464 5628 5594 2129 3777 3595 911 7765 3179 7224 3628 8918 9541 3959 7961 2260 2531 2185 3087 6058 7421 3152 5420 1979 8994 7216 4218 299 2644 8985 7556 5410 1103 8360 5011 8751 6219 2193 1637 839 8436 2865 1183 2066 1186 3601 5909 8236 3898 4669 3662 4273 8386 2400 56 7945 9331 363 8073 3674 7529 8060 3548 2288 2601 8339 8764 8489 3255 6361 9219 1654 2364 8904 514 4599 
3693 7011 2457 2533 8680 4559 9482 9361 55 7623 4640 6440 9805 2557 4974 2399 8718 5394 625 5015 5495 4399 2007 8120 9381 4658 199 3794 4703 5958 4847 1911 9606 3300 9269 4046 5588 6985 857 9112 6284 7591 6799 2121 2575 5714 3517 5528 162 3133 7847 3067 2580 9934 288 3448 552 1636 2400 2809 5259 299 9636 3596 4303 241 3253 8085 961 6012 3543 3364 7381 6993 7233 5364 2855 3121 4990 8384 2268 2416 835 9358 8503 9010 1103 6410 4854 3109 6934 7488 4054 7529 2634 2870 6342 5516 1946 8378 
4185 5067 1330 6652 6278 6101 3738 9617 8434 9961 9164 7848 463 1056 3002 6653 5484 6705 6915 7738 6084 376 2972 3062 7022 5449 234 7242 454 7296 3619 1650 4952 7198 1926 3195 4683 7440 8776 2348 5391 6431 558 7657 1183 6765 821 9024 5410 4287 741 9608 6044 4591 4471 7066 7716 3805 1105 7986 2322 5205 1118 5126 3891 6763 9151 5284 9919 7414 859 117 383 6849 8792 5420 8205 5270 928 6824 1816 1329 9539 966 7531 2112 958 9541 8116 5991 1491 4783 6466 3440 176 5616 9619 7370 7258 4778 
572 617 626 2329 1263 4410 7467 82 4143 4389 646 9383 6097 6198 2672 5986 4495 3011 3989 2770 8612 9889 1935 3681 1457 5944 7588 6137 4627 1150 9103 7882 7802 3154 2466 7611 3917 9105 798 2786 382 4407 4184 167 7036 341 2035 8689 3536 8715 7791 7880 8129 8774 7331 3611 8956 5500 5344 2547 1913 1619 9378 3718 9450 8535 2294 5238 5702 5152 5875 8396 3955 3942 4748 141 629 5765 6870 1237 748 375 8707 1033 3532 3597 1099 2289 7999 6447 4238 5667 8388 408 9465 6063 2079 1268 4515 6001 
812 7786 4521 4276 9029 4274 5586 8494 493 7521 9634 882 3514 2350 4878 9082 3687 1328 5933 4467 3170 5707 1851 2053 6329 2050 8099 5839 4195 7968 7029 4462 1723 971 7332 9964 9341 4286 2036 3074 6520 6052 3362 1829 4268 5567 453 4509 3948 3621 9835 6082 5697 1932 3290 4191 9699 2197 8867 8061 7393 1142 8329 2255 2024 7585 1447 8713 3360 134 1733 4901 2431 9845 2617 8126 8811 9994 2636 6254 867 4201 8507 1129 1464 3541 8478 8279 4674 5983 2959 2812 2676 6354 4633 5186 7229 8937 4975 5112 
1057 2772 1401 7847 3452 7233 2415 8311 32 3674 4693 3651 3517 5557 8300 2584 4626 5903 4204 8336 4042 288 9427 4103 5669 1772 2276 1149 15 217 2870 3601 497 6162 4010 3064 7292 9511 5137 7277 5729 1282 5751 8503 5113 9215 5711 5277 552 8041 55 4297 6070 7230 2124 5925 4990 8631 2298 4456 4464 9361 6288 6252 8864 9694 8419 8003 1613 8981 2546 8972 9914 2517 3777 762 8718 3596 5516 6334 6273 1454 886 8538 6908 5556 8800 1393 4854 4930 1308 2656 2519 6859 2692 5935 2597 1866 2855 193 
7919 2832 3330 7551 235 6071 2701 5958 5037 9753 7799 3855 7345 925 7755 2125 9505 8139 5942 1285 569 7005 254 2459 9523 1169 4339 7146 2941 3974 8970 5111 2784 8807 5653 9750 1716 1767 2994 4435 2483 1455 654 6544 9993 3522 1902 6890 8507 6831 1155 6705 9887 1616 2377 1637 4417 3716 791 5371 1979 3530 7359 1307 3254 1023 1316 7231 1226 4788 9045 2116 7010 3728 3076 6386 3568 615 6756 6219 8006 1286 9292 7529 2741 4533 1959 753 5452 1670 9153 199 4427 4385 2387 5416 6907 5768 6713 1615 
14 834 1716 9433 6021 2634 8115 3076 3264 6307 2659 5065 7146 8970 8941 22 5658 6500 8743 6353 5371 2705 2557 3590 425 8415 273 1021 9093 7799 4818 9393 8031 4760 6962 7348 5123 9280 9943 8763 8753 4871 9104 2427 2055 9134 1968 6573 5942 5225 5037 997 3341 3110 3067 4288 445 3330 3296 8426 1767 9542 2483 5151 8320 3729 7056 4744 2541 5452 2121 9226 6554 1615 9303 3760 7359 6397 835 7417 8994 7381 9269 3965 3416 654 7345 5802 2220 504 6799 7222 7010 1477 5026 2242 3933 2041 5989 2125 
36 2270 9497 8059 8687 9255 7783 143 9798 63 768 9530 7534 8252 3386 2730 2699 5866 7580 4983 4836 7777 5617 8929 8160 6519 9102 3853 7285 9157 3166 3355 2598 9392 4162 2349 9384 1612 6933 265 5833 5784 7644 3132 1290 2135 3731 2955 7170 5362 4374 8125 2682 9727 917 366 6464 8340 1274 6043 911 2254 3054 1106 4502 4085 5014 9787 5463 6227 6499 6410 968 3980 792 1946 3564 5430 92 4106 3149 3288 9202 2249 241 3958 1942 9205 6080 50 2092 2620 1638 6235 4726 7293 7874 6187 7366 6125 
212 8796 8325 5314 5778 3312 8726 7314 6410 3641 6183 2717 4517 4957 9169 4272 7816 1839 4321 2658 8093 6280 5925 858 3682 3951 2656 946 2755 5033 6648 6523 3121 5557 6477 783 2326 8437 9157 4592 9914 7906 3252 3765 4731 792 4084 6361 7170 8513 553 9452 4474 4340 5711 4711 5786 5188 6334 241 3728 5704 6794 7534 4441 4118 7198 6933 5550 963 3791 7262 4010 6235 4657 886 3906 1827 4836 9230 7031 2844 9805 8041 6614 495 8300 1076 2921 8899 3386 3548 9649 5616 3870 9904 6388 2809 864 3294 
9799 3951 9415 864 1315 4272 8752 7607 2526 7464 3548 174 9062 9689 9981 3116 6462 8029 6485 785 4992 3791 5974 3569 1373 112 7446 981 3787 1839 858 995 1665 3743 8783 3488 1759 4441 6016 469 3603 8485 792 7797 2627 1214 1109 8325 9131 9772 5872 6174 4005 7410 1426 2690 1291 2774 3959 295 7369 3184 7765 9570 9729 3386 2136 4948 9291 2133 9408 5535 2022 3288 9904 6986 9679 1148 2293 5704 8653 1840 8890 7265 2267 6107 6464 7831 6550 1790 8961 8985 2691 4731 6144 3662 328 2725 5338 304 
5025 3828 5631 8181 1923 7056 708 9523 2408 6771 8613 6377 5123 1280 5060 3142 4844 8959 954 5556 2031 3086 4355 2715 3921 489 6754 9047 2426 7569 7850 9285 8680 8115 314 7911 5818 3401 418 3345 6942 3296 1388 2631 2634 7542 5991 3890 9779 4264 8499 4670 4972 7746 3760 1767 4436 3371 5847 8941 2007 3084 2 6665 8298 4760 2629 70 2536 9631 1615 8320 8835 5308 5052 5989 8823 7592 9463 8415 9134 9859 9280 9811 8763 4632 4700 6714 5452 7919 1322 9750 9467 306 4012 2557 2427 234 5781 2533 
6444 1108 7567 4656 1989 8006 8874 2066 8134 6521 4655 1530 5002 3339 5001 2371 6176 6529 9015 6589 4352 8259 79 4758 1341 6214 4720 1633 4589 5014 6855 7281 3301 2310 37 2075 5575 4498 6842 2897 1619 4213 3036 9328 7215 9917 355 608 7345 6569 6905 6253 983 1900 1753 1928 1780 3270 4008 120 1612 3417 8026 9043 6100 7995 4379 8436 6443 38 1211 3009 125 3588 7020 7039 7306 6219 9929 9798 5497 8994 5329 2157 2335 7783 7071 8222 9720 7118 9042 7611 8375 9102 4945 239 4075 4593 8267 2191 
9384 8340 8173 4085 7132 648 1510 9866 5804 6988 7644 63 4502 7902 9530 2661 5362 2121 4749 4918 4283 5581 446 4726 3604 7627 1231 7285 2817 9716 8160 8743 39 4421 9606 6933 6753 3138 1021 251 6854 7303 4043 8237 188 2970 7477 6406 7688 9322 5528 7 5505 1475 6519 4871 3300 9497 3444 7682 6103 9941 3067 1947 9777 9269 5537 3778 8887 8095 2616 7591 2222 780 7600 3460 296 2234 7251 3515 2936 4304 6398 2699 8888 7131 8252 960 9624 555 5019 3731 5162 1942 5802 5460 5428 3725 1306 7381 
1624 7243 9802 8130 2590 3532 9270 4495 3209 6905 345 7626 2461 5298 1888 9759 3788 5607 8140 9520 432 7588 8591 5482 7259 2057 2079 3339 4494 2675 6612 6696 7739 9598 3384 2996 9113 5702 1630 613 7880 3016 7118 341 4656 2906 1211 1619 1341 2528 7999 8358 6443 124 1876 8321 5344 8722 2329 5191 5399 1144 9818 9460 617 8979 3354 133 2060 9464 6384 921 3994 7773 1844 2770 8995 5002 3301 9383 7825 3681 8710 2672 5409 8902 8241 2310 6420 572 1758 1835 7442 166 8420 6695 1971 4589 3917 5185 
5054 9368 175 7392 4178 3452 7740 5786 1646 2518 2073 7808 886 5760 4083 5900 4084 9176 8942 2189 7371 4917 2755 9018 4464 5391 3335 5749 3526 510 2147 8405 1482 3139 8826 4053 1620 8838 872 9757 8419 6349 3241 1615 8554 1692 2106 4691 8458 9026 1454 6498 4453 3601 3498 826 6477 769 9021 5930 3976 6709 4310 8300 3748 5935 8298 2772 6894 8796 6024 3876 5342 8247 8301 3213 4944 5287 7459 1737 5790 3959 1767 5573 5144 2704 820 3053 6730 2130 4988 5113 6249 9190 4881 5309 7869 5768 5552 2415 
4750 7039 2756 6431 4485 1892 8409 9370 9481 8810 5352 774 8119 635 6150 3589 9701 3173 3337 2553 6560 7393 7240 7049 7543 5125 3034 7245 3541 1486 1591 2753 2771 226 2840 7359 8370 8998 2582 6734 6167 9746 561 8343 2313 2111 2854 7306 9708 5267 1987 7020 1610 4158 7044 7366 6970 485 4526 829 5878 7569 4105 5512 731 9728 569 2092 1787 4940 4360 8768 3356 9781 1422 8858 5773 8077 6763 766 9506 2128 8221 5420 8483 7546 911 2058 4058 3395 6810 536 7415 3568 2551 968 1670 3962 1373 8414 
4932 4970 498 3678 2239 1370 9985 4254 6361 7754 376 3121 95 2284 3882 1823 6705 170 8067 2531 8476 4222 8771 4683 5011 464 4711 6791 1686 7258 4399 2177 6799 7397 1118 6730 8792 8474 7091 9747 7022 977 4549 1526 2548 4272 2593 1615 9541 7400 5028 7198 3419 1491 5420 8888 7606 5044 6284 7106 3913 5671 4136 6034 2972 3466 9777 7990 7011 9542 4881 6794 1330 4669 6191 1938 4783 258 55 7520 783 1684 6415 4952 3395 347 821 5156 5314 5270 1637 2832 6440 9045 7321 8776 7456 5845 4667 8041 
9334 4783 912 4683 2710 7414 3419 1526 4932 1118 7927 4952 2320 7198 5044 2112 821 1348 6084 2239 9985 9268 1370 95 6456 4117 8434 450 5402 1778 7022 3116 6705 5449 8464 7440 3927 5372 7258 6417 6571 103 9961 498 6278 5205 170 6034 7938 3678 4133 5876 1869 8462 2348 4412 1183 4492 9541 7114 5270 1491 3872 9952 443 4970 7655 1337 8504 4955 534 5403 4019 6361 4254 7400 440 5453 1052 9947 2284 3395 6653 8947 8476 8771 7110 785 3485 1823 8309 6503 5192 4185 3738 4549 8902 176 1886 1816 
3301 4589 7118 8122 5002 7611 1341 1913 3339 2310 8202 1619 7013 5399 2436 124 9810 2461 2660 983 5551 3942 5199 572 9460 8101 9798 7714 3957 7293 8498 8134 8006 5821 1971 8710 9697 9216 6907 8294 4379 239 5482 3154 6696 1263 3955 1523 5500 8272 1612 4940 7140 2066 3788 2665 2057 6444 9227 1422 7932 355 6870 4359 6958 2079 8696 8994 3505 9802 9383 7039 9969 1108 432 5918 6642 6701 9770 3791 3011 2580 6467 8436 3808 7036 6984 7366 5463 8370 1236 597 4213 4410 37 591 6529 6100 6176 4040 
7146 2705 3076 651 5371 5123 6378 3454 2220 9226 8753 1615 5065 997 1285 8458 7222 4452 8970 2659 9581 7635 9239 9523 1959 8941 5225 2383 5672 3855 234 1767 1968 4721 9779 7359 3264 4435 2483 1511 3086 3296 9393 4534 425 2541 1477 8838 4625 3888 8115 6397 5452 3590 4413 4896 6315 2701 9446 2430 5151 8030 7919 8629 8994 6713 9045 1197 1103 5342 1543 5288 7895 4436 9104 9452 731 925 1946 3110 834 6231 4725 8835 1155 578 8751 6656 5599 8918 7459 1860 5658 8489 3002 1550 1612 4355 22 2156 
4798 3547 3648 3518 6564 953 1828 253 6876 391 7470 9901 5725 6860 8642 5635 1331 3798 7331 8774 6965 9921 8418 8649 6577 7297 7467 8431 2965 3467 4143 8078 7436 6198 1935 2422 4242 5024 572 9325 5865 8520 4346 665 9651 5824 5293 8532 7236 9583 3226 8689 4052 141 49 9008 6821 646 4987 3557 4408 4748 8715 7133 1701 8852 3404 5810 5928 5208 2334 3901 2640 3814 7886 8242 3013 1237 8274 5086 8087 239 1517 4907 1566 2887 803 4614 9705 9105 9103 6802 2419 8307 629 570 8167 8396 2556 9075 
2652 5591 3765 7314 5946 2358 1434 772 2816 8289 7849 3981 2844 7277 3951 1358 1293 7276 5166 5536 2481 6609 6850 4217 186 3629 9629 7062 9149 2855 6920 2658 5394 1575 112 212 8266 6986 9230 8694 4084 7262 1841 5516 9805 6349 4980 9636 4474 769 9918 1393 732 1797 2595 2681 4225 5557 4657 4275 3608 5078 2877 6440 497 2809 9823 4297 3574 8609 9809 4054 9550 2840 6234 6650 2837 2399 3066 7623 5231 3543 946 9447 1606 3167 2930 4436 705 6076 625 854 5615 8752 4362 9679 8 7394 8437 941 
1883 4164 9098 6698 2364 6518 1979 9188 2185 674 2914 3977 3129 8764 8468 5901 5909 5487 908 6420 3686 3898 7769 4723 3606 7857 8985 1931 2129 6799 256 911 5459 8464 3152 3872 168 3112 913 4599 3662 389 2041 1214 6089 2377 7345 6475 4890 4402 5331 9690 7265 2278 8886 7655 6917 9291 1637 4057 2320 986 736 6159 8339 94 7007 1387 6873 934 3530 7556 3478 3659 3595 8015 7216 7206 8668 6990 3628 514 9942 443 2554 756 4988 5372 2206 2531 2409 8902 2927 1891 9594 1696 7837 5336 6877 5962 
408 5827 9802 3505 6788 8483 3489 9095 4919 2913 726 4213 7468 3485 4558 1945 2515 9557 2930 412 1971 2461 5821 921 2896 3011 914 7574 5013 75 4869 8762 9460 5199 6484 1115 4495 9097 3048 5835 5342 9854 8462 1744 6642 2277 6656 4464 3989 3317 8272 6497 5876 2880 1928 5158 3844 1358 1972 9701 9889 8202 7118 1753 186 3877 4744 1341 4529 8838 5111 4359 3939 22 8622 550 8469 3554 3574 2786 5482 9127 9150 5607 3788 7968 1264 9868 9978 8294 3588 5920 635 6609 6651 2216 5500 3104 473 1568 
6709 8811 3043 2152 4503 5290 1527 5249 6467 2130 6986 8836 1422 679 3595 2538 5263 6269 3027 420 7740 3961 4238 4731 7808 5369 2939 9294 2775 9814 3106 2580 3791 6701 2174 7170 9293 6284 2262 1343 1454 2627 6801 5002 937 6091 5439 2268 597 7350 8247 914 4940 3498 5551 9308 6660 7619 5792 120 5839 8026 6429 8652 3459 4215 7345 4154 8980 8985 4777 3492 8436 4335 5475 2309 9636 2872 4464 2135 8631 6042 5778 364 4631 5197 4228 9798 3233 9969 494 182 8060 7189 6087 2436 7397 6174 4976 1733 
4352 8652 4902 2596 4593 3288 5475 3036 8364 6569 9102 9729 5001 6354 5014 7111 2543 339 1092 839 1515 4180 9717 4276 3569 4945 99 5263 2635 6892 8734 4618 9798 3132 2254 4901 1759 768 6444 679 7783 9633 8696 7224 8994 5289 281 2509 120 8073 7345 9929 7397 8126 8436 7923 8687 5463 8773 4731 7502 2136 5792 6468 4940 3131 1069 9211 7446 6589 1665 4309 3399 1881 5098 1987 7544 5497 7166 8252 2341 1612 6537 2374 2808 4038 3791 1611 174 5586 5002 3043 7977 5839 8279 364 8425 2580 4913 5885 
2611 5655 9557 7807 7419 8181 1116 1949 140 3213 8959 8301 3142 9285 3531 1923 6665 5530 7056 7109 2890 9097 6051 3420 7911 3823 1039 2055 4416 7158 138 7701 6771 2179 2562 2861 4772 6438 9001 6493 4499 4090 4029 324 3453 4950 2408 1953 5960 7570 7506 4520 7972 4760 8458 3348 893 9036 2033 8157 6944 9463 5672 8941 3709 3552 8817 6916 9068 708 130 7503 8178 8835 5107 6395 6030 2700 1259 2537 8725 8892 9831 6716 1965 22 3104 650 234 6536 2536 7144 1796 1571 5544 4383 7106 6542 3387 3159 
5382 522 932 5233 5805 9153 1956 7340 1286 140 8809 6473 6710 7127 2559 7476 5243 163 2383 2392 3561 4482 690 5603 5953 357 6815 2861 5219 5392 402 1621 8508 2258 3039 4096 2379 4625 6516 9107 8572 6300 7109 8100 7061 3268 7940 1155 2688 5476 6311 4959 1716 2047 9077 7159 2585 8564 7206 1723 5781 254 9750 9468 5339 5225 1479 3667 482 2485 8267 8111 5446 2868 6401 1451 3965 5904 7629 7506 6866 129 3357 462 3855 8654 1180 8034 3522 2055 9100 1124 9207 9001 206 2389 4671 5809 1851 9466 
9589 4783 9466 1181 4336 1778 5567 3466 2284 176 9718 7022 5270 1330 7296 2700 9355 4185 8337 1183 9654 170 7370 3678 8240 2531 7965 4254 5449 8543 8474 7661 133 8895 2694 6396 5205 1959 7359 9091 2548 5125 564 1491 498 9027 7198 821 7400 95 471 7440 6361 1327 4952 4970 4549 6044 9138 9906 5126 3948 1955 1616 6310 9541 9599 464 9912 7851 5838 6705 534 2974 1095 1507 3805 7613 2156 4683 5845 3774 7709 7570 6824 9327 7754 328 2664 8776 4646 7334 6763 928 4875 5540 7990 7848 1241 2741 
3057 4449 8039 7249 8056 2602 845 4155 6015 3428 2703 1252 3460 5505 7065 6861 4147 517 9019 9059 3878 5802 7688 3021 1695 0 4322 1678 9836 184 3963 3512 1656 3515 4065 9356 3704 807 8769 7901 4834 5574 7483 8422 1443 6923 8482 8660 8871 1504 7515 3332 3612 9999 9474 3444 7541 5182 5278 5230 3316 4252 8693 9360 9664 1762 6326 1765 3767 7186 7801 7001 2867 6398 8063 4605 4796 6881 7334 8624 1158 4580 8879 4091 2352 1270 3758 5664 4292 6804 4857 3168 9437 6617 478 6675 7536 6864 666 5779 
4697 266 3129 6518 5356 5372 149 6877 6396 4164 5891 4056 8243 6347 934 4483 3953 7709 1284 9175 7465 4970 6872 5692 1933 1345 9137 7879 2380 7324 913 8872 2055 6089 4545 1214 7265 8246 3849 2531 171 3686 9580 7766 4023 911 2910 950 265 8131 9098 2499 331 6917 8283 5901 2129 7003 7856 4247 3676 1891 8442 3227 443 3606 7655 2022 5554 8416 1979 6148 1681 986 1909 912 3872 3977 2599 674 8764 7576 8671 5857 1883 4783 2898 5270 5909 8468 2952 8967 6737 9561 8108 4526 4680 2496 1944 821 
6440 2557 7623 9482 3693 4559 2399 2533 9805 625 5394 2007 9361 4847 8378 8680 3608 162 4054 6342 2457 2855 2121 1308 3067 4640 2809 4399 6993 9381 11 3364 5528 55 5259 9606 1434 241 199 835 946 8503 9269 9230 3794 7381 1781 7591 3312 8563 4220 3543 5516 4974 3133 5615 4631 2116 6410 5015 6774 9433 7847 6523 7011 2634 9112 2416 4303 5714 2575 5100 2303 39 553 1911 7488 9704 8311 961 7233 4846 5981 3437 3776 3118 5554 3121 299 1712 288 6280 9358 4703 5789 4275 6934 8718 5188 8085 
2439 5068 4907 4563 5431 4845 3890 5658 1272 2114 8138 2060 8103 1834 8523 5847 2269 5267 7886 1907 4332 3207 1063 7310 7992 8823 6030 8066 9544 6395 1914 9134 8265 2018 82 1873 7721 3505 3165 4919 4184 9640 9846 1268 3127 9263 8685 4869 1097 999 9449 178 5875 9280 646 5145 4426 3901 3789 892 3210 8122 9924 4240 8045 1033 9966 8083 2095 9099 5580 4574 9375 1434 3611 1325 9343 2563 8462 1553 2382 6527 1715 4540 9563 8473 1742 3747 6774 8218 9889 2965 1695 7730 572 9045 8394 3844 1935 4435 
3081 3106 2243 9219 3961 2014 5734 9985 7978 6499 7724 7529 3625 3791 2774 8888 2920 5961 5778 7091 679 8256 334 1315 9441 2045 1384 3121 5281 795 752 3006 2377 157 1593 5854 9556 2947 8073 7315 1611 6284 9041 9969 8788 6519 8032 1408 4343 8493 6785 9683 6963 1493 7535 9649 3725 2889 7520 4272 3640 9475 3880 2538 9454 2268 6125 1690 7606 420 5594 2980 7906 5314 1309 5369 4915 1558 6105 1068 5463 3374 8904 4988 5535 5475 6219 3017 7990 8974 1473 8363 2062 3309 3321 6742 9810 2309 1636 3398 
7543 6317 2058 3729 6008 1757 6431 4264 1634 6378 2861 3522 7601 7569 6311 4760 7837 1670 9423 719 8613 1838 5858 7506 4360 5123 145 3764 605 2634 2033 587 5228 6059 829 2858 234 1442 2383 9446 9716 1188 5489 3457 5060 359 951 405 4865 4455 4287 5361 2536 9244 2344 6560 3760 3552 5781 2868 5081 7057 8987 5410 9456 3710 7054 602 3836 9372 8686 5673 8753 7245 3155 3039 5420 9523 8763 6960 9093 140 2046 6486 1463 6771 9433 577 5126 3256 9212 747 5642 6315 9938 5392 8516 6265 6652 2342 
4683 1105 3805 7414 4185 176 1870 7198 7841 9151 7848 3678 2239 9718 1491 1183 9961 4401 5449 6034 9037 4952 1816 7440 7022 8360 3195 5205 6705 1348 2284 2881 9541 6763 9617 8434 3419 5484 7823 6278 463 7531 6084 5284 5453 7716 9466 2149 9785 1330 5623 5391 9760 6226 6361 7370 4378 8617 7400 4955 5270 4492 464 3682 8771 4778 6571 5616 5011 344 1650 440 1926 9327 2531 8452 3440 1056 4783 1594 7258 9812 6044 1622 5170 1370 9947 498 9747 6652 6503 3772 4702 6791 3062 4861 6310 7321 9334 6915 
7349 196 444 5213 8818 4957 4876 6672 96 131 8256 2923 1121 5475 177 795 1009 7170 6472 1199 8423 1447 2090 1256 4201 9169 4945 2977 5085 7906 1243 5961 8493 1463 7162 4467 2717 3143 8729 1459 151 6009 1493 1851 6105 5734 3750 9219 7147 2901 9102 6250 9593 9250 8804 1802 6280 1328 6428 767 4006 3055 1275 9041 8905 6896 3017 4223 3006 7458 2010 2596 1131 4636 5369 5766 449 5528 6499 6189 779 7251 5586 5237 842 3172 1025 365 5193 252 5424 8773 3121 494 7560 3132 1290 4289 5522 9029 
1837 6103 7143 9574 8438 8085 8470 1882 5455 4303 7 7781 703 39 594 7810 5599 5019 8095 257 1320 2121 4914 3078 4542 7686 6765 3891 1210 5615 422 1947 3067 8390 961 5990 4607 8426 30 1193 145 3554 6824 217 9919 4220 7678 4918 3253 8625 2069 7613 1926 2303 4471 8743 7091 6323 9788 7477 7906 6465 8400 5495 1186 5851 5804 1668 2140 1339 463 4990 817 1641 7706 7381 9361 7572 9072 1543 552 583 6808 4399 1021 6468 8120 6885 1930 3364 5751 6361 4198 4078 1403 5162 3117 1103 6810 2416 
8252 1636 7947 7688 9636 1443 6907 8384 9356 9798 5918 3794 1172 6280 2021 3001 3629 6087 2489 9028 4385 994 8623 6993 9606 5792 6942 8498 3543 5685 6353 4011 7194 9358 1710 552 8217 1523 9805 1625 2121 6962 4640 5015 8237 2580 1604 9360 4436 7345 3067 2533 8578 7591 8626 9546 2682 4137 4337 1994 3596 7529 6641 8173 8680 9230 5574 5958 5866 8718 2575 4421 9361 3364 8056 8898 8336 4043 4854 5528 6933 1084 2242 9157 9904 7110 9484 1042 4559 3451 1422 6966 6731 2941 871 3132 8079 3133 2254 7247 
5908 6279 6572 1651 1186 2489 9787 7591 3596 6528 9616 8519 4547 6934 8800 8384 2268 792 5495 5792 1266 4046 4158 9874 4578 7684 2276 5704 8287 2781 7415 9269 961 2580 7366 7874 4854 1080 3133 4707 9606 6012 2146 5488 8120 1802 7600 1103 6993 4701 8935 4106 3132 552 5528 2575 4086 4137 8233 8477 86 1106 6933 1946 6614 9636 5804 9546 4162 762 9205 5918 3067 8498 7572 441 6885 364 4303 261 8252 5430 7381 1927 6351 3734 6252 8046 8858 5958 8085 3889 4153 2121 2533 5885 6799 3253 2457 4418 
7222 1550 3076 2116 1615 5151 1285 4288 9393 8426 2220 997 9226 9779 5989 7056 5452 2557 4399 8753 5371 2007 5658 5123 8835 1439 9581 4786 2125 9906 4355 7010 14 2659 8941 2408 9361 8115 1959 9253 6774 3089 4896 2055 3296 9433 1968 835 5288 8415 199 9702 8895 8680 4534 4811 5516 6440 5672 3341 5768 5847 1767 3590 3086 11 7895 8838 8743 6324 2664 9134 946 2483 651 8686 6542 8474 1280 9446 4972 7459 3254 6397 6544 425 1072 2634 906 3821 3213 6183 4914 4435 4607 6071 4772 7146 1475 6500 
7795 3942 4389 3278 5602 8822 8488 3252 4278 9460 6670 6696 5050 8241 8553 1245 2684 2310 5986 2029 6126 1539 4217 7499 3925 1928 3154 6946 7472 9126 2672 2421 3269 9369 5920 7611 7292 9931 9389 497 6107 4084 4453 3211 3754 9383 6996 3602 105 3870 3600 2521 9562 8093 3681 2899 7828 8325 2035 4340 6982 8281 619 2692 4718 8830 5676 4438 8450 5309 6944 6529 8597 2547 6294 9076 3876 5643 5821 3404 193 7492 9568 220 4495 2999 5796 5524 7948 4010 6249 9664 4338 7118 9450 8376 2151 4867 8366 6349 
7627 9606 3133 7461 5528 8326 113 1942 6533 9093 5554 4251 6406 1377 5214 5564 1669 4749 9148 7591 9716 9269 3067 4105 7682 4726 602 7572 1710 8313 2623 2523 587 2287 4214 7689 299 2121 7270 1312 2644 7251 7837 9072 606 2479 6342 4526 4504 9317 6993 188 2616 4599 7923 7684 2916 9433 2489 4790 2557 9424 8206 905 7381 5394 5902 1327 4038 8237 5005 6116 911 3255 6475 577 6307 266 5537 1306 2771 3364 3799 4537 3371 1483 9372 2817 3001 6496 6522 39 7072 1186 6518 7238 4518 4871 4153 2520 
1922 5920 7639 5317 2465 8876 1999 6651 3815 1717 5309 2147 8908 7630 7771 3989 5095 1085 6449 6181 6632 4020 4294 5144 8782 3087 7524 5744 9323 2483 8348 2446 6121 9556 9071 1945 2802 1195 9955 8939 7219 5366 5111 5976 3401 3672 4887 1865 9772 3530 1992 7507 3425 8169 1473 9757 9335 7154 5890 2400 7421 8977 681 3266 3227 9978 1767 8058 8526 8944 8589 7152 1981 6501 8500 5023 7417 3749 75 1034 3580 704 5164 6193 8073 6471 1541 5281 3985 4417 5615 468 1744 3123 2560 5721 5357 2695 8554 6872 
4252 930 7486 2867 8327 4690 593 9916 4133 891 7012 3767 8382 5929 1292 6169 9275 2203 3758 2495 1082 7110 9586 8065 9407 6957 4296 9533 6904 8039 2741 1270 1711 8044 3416 6326 3952 624 8840 3420 2784 433 7005 1826 3306 7652 4065 2179 9474 6987 4543 1194 7688 4760 655 70 807 5182 7309 2800 3587 6939 4857 6617 3272 1337 1084 6759 7817 791 5175 4788 2087 1172 5834 126 9096 7638 5802 1040 6923 5428 2202 2359 1656 7001 1316 1490 7930 4580 4339 9356 3716 849 9503 7663 3709 508 7142 1010 
4036 4743 8209 9538 6480 3208 5005 8143 1185 9941 5134 9846 7306 5297 9201 1548 6133 2817 9481 6762 7453 5286 8791 4394 587 2153 2408 863 4067 542 2027 6302 3740 6025 7310 9701 7477 3420 8115 1038 6421 4313 9611 3799 5162 4989 1403 5337 4518 1412 3371 6096 7598 5229 4105 9280 4030 1220 6167 7720 523 429 6975 714 6399 3819 4341 7016 8509 8091 2303 5910 7144 485 3065 9303 602 6608 7863 7039 7090 3233 9433 8625 4750 5658 4255 6429 9057 6892 6733 6169 4822 834 5488 4102 8195 8161 265 8960 
7236 1630 2048 8965 7133 1628 7281 7764 8868 7672 4748 2386 6696 5865 9901 3154 2289 3093 3518 3439 622 6100 7611 375 5821 6851 9450 3299 7013 8685 6870 239 1141 355 9126 9863 7730 4709 5952 2310 4987 8368 6049 5344 6949 8122 9375 6211 2029 2660 6198 1263 1936 3354 7567 7291 9825 1539 3311 9312 1725 9216 2786 5094 7734 4052 5635 5916 2422 572 9460 3339 4143 3011 6337 4430 1828 185 3917 2675 3207 3432 4063 9921 980 3681 5986 8078 1099 4370 9733 874 3771 1161 8666 8715 9562 1701 1619 5944 
1857 9191 3526 409 872 7508 5177 6647 3936 5881 3176 1720 6155 4271 3754 893 3920 3307 2884 8848 3871 9517 3427 8738 8896 9811 344 9327 8458 7052 2390 8353 8594 5647 8344 4113 5500 4917 4621 4047 2130 6906 4904 5450 1831 3559 6580 3480 9737 4139 2715 8332 3206 6008 6018 150 4168 9549 3269 3147 2113 8682 4127 7431 3805 2711 9951 3555 8413 2279 7475 790 5987 7699 7074 7160 2075 9470 4978 8628 5975 5900 9812 5963 9349 1978 1687 9532 2237 7841 6716 8292 9524 1414 4193 1088 5328 6407 6592 8381 
5528 946 6533 7591 3312 9443 3133 7270 3173 2771 9606 3608 961 9269 5554 625 113 2399 8968 9433 8589 5902 3067 8969 9805 9728 3891 4108 2361 4607 2121 6934 2457 11 4737 7676 2308 5615 1638 6605 7456 8009 2533 1153 5394 9542 4220 6440 7895 9482 7623 2575 4559 7381 198 4303 7627 4974 8085 5023 4578 7781 6342 9923 1191 7251 7572 6993 2809 2416 5516 4054 5188 6524 3643 2046 1186 241 1962 8348 347 7733 9679 3364 7417 7990 2557 1700 7314 1680 4038 6399 1968 4455 5452 5981 941 6012 5564 7855 
9172 6005 631 2756 3455 3277 5401 5122 1813 4485 1012 754 465 7554 8628 8409 9995 5500 9671 3534 6580 3582 1271 9697 5773 4280 5527 9191 790 277 5368 1564 7096 1572 897 3439 7872 2118 8035 9764 8605 3356 3578 1277 5649 4040 8126 6270 9770 435 5635 885 8356 4277 3589 9000 2864 4774 7730 87 3343 8746 2049 3739 6371 1828 9963 9216 3440 6431 397 3597 1729 9448 8431 7201 9733 2419 3269 226 2224 6560 4621 5865 3154 9625 8444 5318 1970 6749 5284 952 9921 4505 6165 1750 5383 2978 402 4117 
3346 4544 5929 4095 3992 6813 5270 368 5254 8495 9646 5453 442 676 7241 1607 7024 849 7486 9217 7031 9431 9461 2713 4345 450 9541 2728 2510 8152 477 9495 6535 5242 2990 4971 9466 5648 5849 8240 2673 3682 4690 3419 7370 243 6258 2284 1667 3328 1768 5746 5566 655 1643 7570 5662 1870 4952 1674 7851 1183 2366 9165 2747 5973 4955 2270 7418 4492 471 8153 9166 9243 1270 9320 8482 5876 6665 722 2149 176 8382 4493 5960 5428 7834 7603 3758 1573 2730 673 7965 6816 9682 4840 5398 9866 821 6987 
8716 4991 973 9019 4062 9028 4033 8176 6506 1252 237 4508 16 1084 433 5133 928 9437 5883 6434 5664 7950 1770 9484 5767 5230 929 7298 152 5627 1443 1678 3612 8432 7110 280 3704 5278 3655 9356 5175 2359 666 5574 4796 5494 6729 9337 6864 7830 8578 340 8623 8284 7065 6086 7901 7113 2784 7102 5685 8083 1082 3587 4800 3330 791 103 2352 6343 1762 4291 3767 6584 8879 1904 6453 8693 2336 4091 845 9096 3538 2082 9851 8785 1042 7345 7801 7688 4339 8654 371 4262 3099 654 2056 7005 4147 5084 
1149 7238 7737 8539 696 9976 9590 5178 1700 100 4652 6259 8052 3421 2802 7527 9072 2601 5816 8216 9958 4041 6370 2593 717 9335 8379 8599 3624 9553 3694 2052 1858 687 4912 633 3237 5585 2394 4879 299 4011 4610 9762 6104 9060 4986 1041 9866 8247 3388 198 8393 9042 5412 3446 4690 640 510 7483 1106 2453 6219 1669 5790 2692 7970 7422 1942 7515 8968 9108 3248 9381 8988 7647 5102 9614 3444 415 6475 7678 9934 9017 1107 3628 1788 4600 3661 7002 5291 3005 6416 3260 6252 2704 5899 2557 4943 8287 
7814 8171 9882 5385 6607 6932 6182 1581 3873 8729 9896 7856 9972 6887 3858 3449 5273 3347 3562 90 2499 9845 9578 2893 5464 8696 8393 9541 4037 4223 131 2168 684 4181 1179 1645 1654 4998 7923 4370 8073 817 2309 9815 612 4337 977 4880 9553 8323 6873 2635 8214 4723 3333 3756 1869 5142 3375 6127 5281 7885 3395 4467 3882 9291 9810 4285 9609 2599 9666 5040 6515 9988 4136 3131 670 2288 2952 880 8631 8309 1256 3195 8771 1199 5874 5369 436 7865 7556 7101 2601 8060 7922 3237 6810 4289 80 3898 
4335 3618 2018 9859 8575 7507 2428 1254 8828 5958 4703 9775 597 8380 8471 6709 8523 8529 1085 3891 5787 6284 8303 799 2328 2693 5195 7524 2116 2832 8908 6992 871 5259 8535 4399 2634 2941 2313 8037 2575 1887 5747 75 6774 7310 2802 6409 4288 8793 6705 3264 3530 6836 6070 2193 6186 6484 4879 2723 8115 5495 8298 4435 8988 4653 8008 9830 2629 9054 3035 3889 4472 8085 6307 199 1339 4000 9934 5437 4990 6162 8297 6790 4652 3989 7744 445 8120 3789 3253 9307 4184 3027 2664 2436 1308 1112 2557 7632 
5399 7611 6529 7013 9931 1144 3955 9460 1108 7140 2310 3681 1619 6604 7472 6931 9759 7714 8192 1265 5155 7118 5185 1971 2386 4498 1539 3339 6982 7492 5482 9448 9210 3301 37 5016 7567 1152 9857 5796 4277 549 9383 8251 2940 7362 7071 6696 8122 2999 4893 3942 9043 2521 6100 8272 9733 3154 3385 2660 1245 1928 1530 5667 1141 1630 6583 465 8191 8710 7281 1913 9802 7259 5986 8685 3384 983 8101 7999 6948 9126 341 8858 5499 8134 1533 181 572 4494 408 798 8772 1263 5944 64 3146 7789 6946 2029 
1119 6878 6169 4750 6227 280 1892 4526 5878 265 1904 5229 7366 7596 1710 5313 9467 2664 5569 2898 7064 5351 7400 9551 2354 602 8791 9612 569 5685 4613 4429 2092 4159 6310 1627 8821 1367 3344 1337 1422 9602 2292 8498 577 1891 8026 3179 731 5103 8805 2436 8646 1923 5032 605 7141 6897 587 8079 3330 3133 1425 2489 3048 1353 7658 6762 1082 7874 5562 7701 2730 829 908 8217 9352 1975 8768 9851 1038 6399 8115 4105 9636 3253 2286 7416 4158 9798 5876 9701 3001 1779 9409 5958 4236 2216 7345 3889 
