0.31114 -1.5024 0.21102 0.036951 0.49792 0.91696 0.74698 -1.0914 -0.017249 -0.20193 -0.83953 0.55444 0.73527 1.6893 0.97899 -0.33583 -1.6941 -0.30714 0.089714 0.72789 0.41806 -0.90872 -0.79613 -0.78711 -0.16757
0.35821 0.039923 -0.46963 0.16775 -1.6402 0.598 -1.1593 -2.9291 0.13985 1.2034 -0.62923 0.098102 0.93696 -0.81193 0.13085 -1.0595 -0.48554 -0.14891 1.3511 -0.059684 0.61052 0.47324 -1.5502 0.37488 0.012746
-0.89859 0.17575 0.62364 -0.072748 -0.11783 0.86603 -0.44991 -1.1115 -0.15716 -0.48583 -0.46325 1.468 1.6908 1.4082 1.2762 -0.036277 0.14555 0.053468 0.4009 -0.57315 0.46488 0.11975 0.22824 0.43886 -1.1316
-0.84978 -0.32418 -0.56059 -1.2755 -0.84172 -2.2931 -0.50371 -0.65974 1.0943 -1.4702 -1.3778 -0.3074 0.068126 0.27158 0.60727 -0.57166 0.51939 1.2391 0.60993 0.91383 -0.80279 -2.0222 -1.1723 -0.26582 -1.8629
-1.3332 2.2046 1.4268 -0.59094 -1.6918 0.71896 -1.3478 -0.39931 1.5203 -1.6854 0.99785 0.99947 0.85932 -0.4123 -1.0994 -0.42698 -0.5482 0.29748 1.0896 1.5646 0.48387 0.59529 0.90965 -1.9556 -0.95232
0.25932 -0.21741 -0.0045538 -0.82182 -0.98012 1.411 -1.6693 -0.0033275 -0.35607 0.18157 -0.03759 0.41516 -1.1617 -0.022079 -0.2872 0.50942 0.8477 1.6314 -0.91253 1.7119 -1.1081 0.35915 -0.29877 0.83712 1.0381
0.90389 -0.91459 0.2223 -0.63143 -0.26426 0.52712 -1.2735 -1.3936 0.17961 -0.54952 0.18594 1.3037 1.442 1.0607 -0.14869 -0.11059 2.213 -0.18924 1.0841 0.032826 1.063 -0.37503 -0.07995 -0.17003 -0.58757
0.14527 -0.16081 0.25422 -0.49601 -0.20934 -0.96305 1.3454 1.6516 -0.9825 -0.93339 -1.3226 0.063626 2.7855 1.6536 0.40902 -0.2914 0.29603 -0.87882 0.57524 0.36149 0.02389 -0.44402 0.98531 0.35242 -0.047762
0.077561 -0.33984 -0.29496 -0.96789 0.019757 0.79673 -0.78685 0.36372 1.0941 1.5109 0.65076 0.76362 0.68469 -1.3666 0.32639 0.48871 -0.1922 0.010279 0.035929 0.28061 -1.5049 1.0801 -0.59106 0.61391 -0.52227
-0.88532 0.77415 0.092177 0.21587 -0.25518 -0.90843 -1.2 -1.4533 -0.0023772 -0.90397 -0.84284 0.57201 0.18126 -0.78092 0.25334 0.58631 0.47143 -0.127 0.61078 1.0344 0.58424 0.28198 -0.28146 0.47907 -0.72992
-0.41713 -1.3552 -0.24269 0.31792 -1.0053 -0.53541 1.228 -0.56292 0.095705 -0.43157 0.45259 0.80829 2.4292 -0.13868 -1.2999 1.2796 0.77425 0.25909 -0.16073 -0.3115 -1.2357 -0.16596 0.3072 -0.21939 -1.3664
0.57817 0.5305 -1.6877 1.0461 -1.7932 -0.007661 -0.19938 -0.66833 0.85 -1.3341 -0.45729 -0.6222 0.41118 0.77857 0.72842 1.326 -0.89141 -1.0809 -1.0929 0.63983 0.79021 -1.111 0.63963 -0.39501 -0.81466
-0.67702 0.68607 -0.30041 0.31776 -0.32549 -0.97168 -0.161 -0.71625 -0.32989 -0.92113 -0.54001 -0.44857 1.1937 -0.55741 1.542 1.0185 0.5566 0.16405 1.4407 0.33919 0.77483 0.51829 0.53761 0.3575 -0.43553
-0.94857 -0.074711 -0.18035 1.643 0.24113 -1.5807 0.024189 -0.97242 -0.42701 -1.9989 -0.10705 1.3684 1.5137 -1.4412 -0.1401 4.7609 -0.06365 -1.6692 3.1904 1.552 0.968 1.0311 -2.5809 0.36116 -0.4059
-0.48681 1.8481 -0.089823 0.52819 -0.47665 -1.0706 -0.30405 0.42576 0.6485 0.62573 -0.28455 1.095 0.39636 -0.75584 0.91069 -0.17478 0.8184 -0.43218 -0.11936 -0.049254 -0.35041 0.58805 -0.77589 1.4716 -0.074106
-0.40292 1.4719 -0.28402 -0.60304 0.034483 -2.4539 1.3213 1.3687 -1.5267 0.53866 -1.1071 1.161 1.065 0.46134 -0.52102 -1.1325 0.29232 2.0691 1.2899 -0.74221 -0.037867 -0.35977 0.88296 -0.17944 -0.97142
-1.1511 0.41625 0.63556 0.60688 -0.88035 -0.96225 -1.4775 -1.6052 1.5193 -0.99304 -0.10908 0.81073 0.29947 -0.088081 1.4062 0.82322 0.40446 -0.22342 0.6222 0.68202 -0.06105 -0.28446 0.0070477 -0.73056 -0.23714
-1.364 0.61801 0.60792 -0.034349 -0.70322 -0.96487 -0.97438 -1.393 0.33186 -0.73359 -0.83423 0.44685 -0.045892 -0.58362 0.67373 0.38571 -0.24267 0.054794 0.33447 1.0723 0.11587 0.57558 0.061944 -0.33662 -0.32688
-0.41387 0.78461 0.17325 -0.18907 -0.33078 0.36917 -1.4304 -1.0722 -0.46097 -0.82178 -0.11227 -0.1389 1.0522 0.14762 0.35443 1.5026 0.21969 -0.51935 0.84076 -0.05354 -0.382 0.46269 0.070775 -0.15164 -1.1813
-0.64755 0.83807 0.18026 -0.13035 -0.68391 -0.59916 0.62612 -0.48243 -0.053379 -0.081955 -0.2506 0.61958 0.97917 -0.095502 0.70304 -0.23968 0.067458 -0.22833 -0.12484 0.30025 -0.64398 0.28213 -0.74738 1.5003 0.44382
-0.61436 1.8754 0.76659 0.042024 0.16946 1.008 -1.283 -1.493 0.90905 -0.5383 -0.31222 0.89574 2.1893 -1.1919 -0.85801 0.27026 0.92691 -0.07117 0.33126 0.40483 1.2542 -0.95632 0.83905 0.41436 0.46912
-1.0785 0.68215 -0.65413 -0.52575 -0.034704 1.307 -1.4432 -0.31855 1.9725 0.035041 -0.86422 1.5147 1.8716 -0.84661 -1.3134 0.031487 1.9522 -0.102 0.4862 0.38247 3.1591 1.4799 0.0063905 -0.71584 -0.031248
-0.0053461 0.17287 -0.66678 -0.54722 -0.26574 -0.8082 -0.35465 -1.6627 -0.55474 0.45672 -0.027404 0.46341 1.8875 -0.054441 0.44109 0.62927 0.27375 -0.25561 0.22054 0.3545 0.85884 0.058835 0.24163 0.3842 -0.68553
-0.012149 0.25358 1.6304 -1.1783 -0.73014 -0.0652 -0.83707 -1.1716 0.16293 -0.29465 -0.25024 -1.4621 0.56627 -1.5205 -0.3964 -0.36093 -0.26287 -0.040118 -0.018872 0.016453 0.94674 1.6248 1.4943 -0.32227 -0.18807
-0.85081 -0.91471 -1.0659 -1.8991 -1.7911 0.5008 0.82633 -2.2165 0.97986 1.5555 -2.0107 0.032076 2.4061 0.099556 0.013207 0.69144 -0.71067 1.4516 0.34399 -2.2107 0.79502 0.61471 -0.34623 0.054491 -0.49746
-0.051758 -0.55294 -0.88925 2.042 -0.20866 2.274 0.94606 -0.62565 -0.39249 -3.2035 3.3784 -1.5043 1.8578 -0.10612 0.37407 0.52634 0.57045 -0.78153 2.7077 1.3516 -0.96478 1.2214 -2.4692 0.30149 0.24087
0.32881 -0.23874 -0.16451 -0.26617 -0.3202 -0.93231 -1.043 -2.4179 0.6032 -0.43067 -0.64436 0.62705 -0.96686 -0.48253 -0.11074 1.0634 0.30332 0.29778 1.1448 -0.73085 -0.44871 0.10732 -0.061664 -0.12035 -1.2426
-0.42331 0.30571 -0.68374 -0.95124 -0.6296 -1.4431 -0.31048 -1.2407 -1.0505 0.21739 -1.7609 0.59723 1.4443 -0.56628 0.79221 0.80097 0.33956 -0.52799 0.84412 0.71857 0.92462 0.13053 1.1961 -1.0148 -0.018978
-0.79158 0.97551 0.32685 -0.055041 -1.0296 -0.11528 -1.6698 -0.2316 -0.21945 -1.74 -0.83631 0.4595 0.18791 -0.031814 0.92344 1.4614 0.46084 -0.48161 0.75441 -0.12252 -0.12565 0.32637 1.892 1.387 0.39357
-0.31192 -1.6706 -0.81225 -0.23553 -2.0005 -1.2691 -0.54193 -1.1913 0.443 -0.2183 0.094214 -0.3055 0.52659 -0.20242 0.5732 0.33225 1.5406 0.36237 0.8626 0.65361 -0.84894 -0.90021 -0.74601 -0.096321 -2.5782
-2.0522 2.0819 1.1195 1.0456 0.82105 0.64865 -2.7863 0.67241 -0.99163 -1.957 -2.7473 -1.5112 1.8784 0.70861 -3.9918 0.66584 -1.7205 -2.2136 -0.32721 -1.9264 -0.0043151 1.7416 1.5037 1.0123 -3.4162
1.1957 0.76187 2.6865 0.042312 1.3377 0.89906 -2.218 -1.5575 -1.2931 1.3939 -0.59077 -0.14918 3.1029 -0.28524 -3.5097 1.2472 1.521 1.3561 1.5157 2.4534 0.04018 1.0833 -1.3643 -0.32006 -0.16007
-1.2288 0.61139 -0.77287 -0.97986 0.023937 -0.63945 -0.26635 0.24241 -0.01231 -0.90283 0.038581 1.3888 1.0926 -0.62504 -0.42192 0.17671 0.83982 -1.1535 0.53899 0.85849 -0.87823 0.81639 -1.0711 1.3383 0.23861
-0.42867 1.1456 0.36855 -0.34622 1.255 1.6161 -1.2423 -2.1269 1.1464 -0.35217 0.11644 0.99046 0.59475 0.13166 -0.19815 -0.2724 1.1353 0.069288 0.55113 1.0027 -0.54904 -1.3046 1.9721 0.90706 -0.25662
0.57631 0.73567 1.2873 -0.15154 -1.0783 -1.9579 -0.98057 -1.0674 1.7173 0.28436 -1.0601 -1.1086 -0.53647 -1.1799 -1.7685 0.82636 1.8113 0.4058 1.6248 0.34421 0.35727 0.3129 -0.65908 0.22396 0.06471
-1.5265 0.20517 0.58489 0.4026 -0.65773 -0.90133 -0.5531 0.097579 0.33406 -0.44486 0.046843 0.45364 1.1198 -0.74819 0.51027 0.26867 0.63267 0.27678 0.79344 1.105 -0.27553 0.98482 -0.47334 0.90936 -0.85362
-0.45489 -0.30626 1.812 -0.18862 -1.1585 0.011689 -0.67657 -2.2048 -0.50744 0.75084 0.6852 0.11315 1.5792 0.82165 -0.36282 2.2659 0.33114 -0.55278 1.2168 1.5201 -1.3711 1.2488 0.5124 -0.39906 -0.64729
0.77966 -0.059877 -1.4808 1.2282 0.043671 2.4715 0.69227 -0.97862 -1.1148 0.85189 1.5553 2.1025 1.1869 1.0095 0.13743 2.4279 -0.57714 -0.39759 1.1886 -1.4544 -0.51527 1.7014 1.1059 -0.24409 -1.746
-0.0073624 -0.69001 -0.53544 -1.929 1.2641 0.81638 1.1837 -2.3126 -1.1284 -1.6107 -1.3477 0.78629 2.001 -0.23974 0.94933 0.398 -1.5384 -0.44754 -0.49669 0.57058 -0.50442 -0.48584 1.0372 0.25212 -1.2597
-0.1409 0.12219 0.14194 0.57167 -0.19243 -0.45945 -0.80498 -0.87626 0.087611 -1.2523 0.76087 -0.77988 0.2302 0.53448 0.96485 0.96214 0.60011 0.32975 1.6233 -0.17215 0.47156 0.20419 0.0097301 0.40705 -1.0165
-0.77401 -0.026995 0.44502 0.4028 -0.39163 -1.2967 -0.84549 -0.60675 -0.18968 -0.35742 -0.71287 -1.2954 0.81272 -0.66704 0.52593 1.4012 0.46073 0.24704 0.90911 -0.48822 0.43717 0.045668 0.90216 0.34174 -0.044205
1.1743 0.6867 -0.84799 1.3426 -0.42873 -1.4507 -1.3536 -1.7328 0.037818 1.2234 -0.46526 0.017728 1.9016 1.4862 0.30484 1.4117 0.1571 -1.8463 1.3766 -0.67637 -0.16077 0.30835 0.54526 -0.19655 0.16648
-0.28455 0.49802 -0.0062256 0.12325 -0.54814 -0.57959 -0.26261 -1.21 -0.34821 -0.34964 -0.39536 -0.00127 -0.51332 1.1022 -0.27328 0.022458 0.42086 0.10739 0.47965 -0.051711 -0.61934 0.17156 0.26939 -0.020687 -0.94826
-0.23075 0.30223 -0.14485 0.40436 -0.42379 -0.81208 -0.32235 -0.76024 0.11552 -0.88412 -0.71413 -0.62004 0.82596 0.058719 0.84353 0.77194 -0.022856 0.33052 1.1335 0.88577 0.43064 0.68434 0.33453 1.1181 -0.68702
-0.52072 -0.16971 -0.93108 0.34695 0.71045 -0.92334 -0.64353 -1.5771 -1.9285 -0.37174 -0.37455 -0.52634 1.3254 0.6786 -0.4954 0.31536 0.47349 0.64002 -0.31243 -0.24725 -0.049164 1.1123 -1.4521 0.27832 -0.29512
0.23275 1.1201 0.30015 0.77376 0.50299 0.66314 -0.43011 -0.91583 0.75194 -0.97988 -1.0548 0.73036 2.3375 0.083301 0.13638 0.92657 0.11312 -0.46327 1.0206 0.85551 1.5987 -1.3814 0.24509 0.038228 0.6564
-0.844 -0.40919 -0.23924 -0.10728 -0.6389 -0.24763 -0.55878 -2.2283 0.4938 0.88166 0.76801 1.1391 0.83614 -0.823 0.37071 -0.078031 0.51514 1.1048 0.32897 0.20129 -0.64025 -0.80306 -1.5239 -0.78393 1.6257
0.72134 1.2745 0.61053 0.75919 0.45213 -0.56685 -2.0633 -0.16713 -1.4143 -1.4453 -0.61696 -0.71429 0.1345 -0.80879 0.18284 0.64839 0.43529 -1.4414 0.93823 0.89017 -0.58522 -0.3896 0.56065 0.64102 -0.51602
-0.069395 -0.52059 0.28346 0.11912 0.54627 -0.61415 0.10777 -2.2832 1.1742 -0.29062 -0.29656 -0.35757 2.078 0.60649 0.40135 -0.48019 -0.063923 -0.029753 1.4603 -0.094844 -0.47638 -0.10354 1.121 -0.23519 0.0037092
-0.99759 -0.26647 -0.75593 -0.30369 -0.19035 -0.79086 0.80403 -1.2939 -0.18022 -0.28559 -0.18146 0.82428 1.6059 0.68496 0.72241 0.13861 -0.064744 -0.21637 0.43154 0.83253 0.099487 0.38995 0.5702 0.31591 -0.44693
-0.68371 -0.83324 1.1866 -0.87506 -1.559 -0.052934 -0.0099596 0.45434 1.203 -0.28151 -0.84023 0.52434 0.32059 -0.63958 1.1408 1.1372 0.27185 -0.68142 0.4908 0.81774 -0.19262 0.25293 -0.59455 -1.0853 -1.1267
-0.32811 0.081196 0.5471 0.026751 0.010071 -0.7151 -0.89454 -0.23584 -0.18979 -0.52105 -0.547 -1.1486 0.89392 0.26802 1.8006 1.5739 0.46562 0.38881 1.2618 -0.23184 -0.16479 -0.36797 -1.05 -0.93663 -0.69216
-0.64893 0.58583 0.69939 -0.56009 0.31988 -2.1118 -0.5451 -1.296 0.76529 -1.5557 -0.6462 -0.41113 -0.053242 0.27111 1.6436 0.25857 0.7607 0.97987 1.7098 0.39143 -0.71343 -0.54953 -0.69477 -2.8508 -2.0809
1.3524 -1.1202 0.19072 0.5642 -1.7537 -0.60353 0.55025 0.20883 -1.0518 -0.83812 -0.25482 -0.84076 2.2887 1.1666 -0.20482 0.6175 -0.92253 0.96311 0.84939 1.4267 0.21539 0.68928 0.86153 0.94699 -0.46567
-0.95672 1.1675 2.1669 -1.7437 -0.71838 -0.51686 -0.14302 0.82277 2.2802 -0.60763 0.30792 1.7817 0.5108 -0.21617 0.65796 -0.58576 0.16438 0.11533 2.3753 0.58417 -0.98728 -0.79893 1.4307 0.28441 0.48404
0.33099 0.13942 0.3943 -0.71605 -0.34056 0.40387 -0.028093 -0.7035 0.6046 0.57132 -0.82273 0.83392 0.80659 -0.4589 1.7103 0.55237 0.97683 -0.64815 0.04447 0.12338 1.2426 0.85257 -1.2033 1.0147 -1.2417
-0.94616 0.68028 -1.7028 0.099458 1.4161 1.1957 0.39427 0.19594 1.4757 -1.3496 0.2553 1.6524 -0.20694 -0.65063 -1.3205 1.1807 0.92828 -0.54131 1.2927 0.56251 0.55605 -1.8795 1.0813 1.285 -0.43302
-1.0188 3.4037 0.18811 0.62519 -0.25992 -2.0349 -1.2798 -1.0374 -1.5163 -0.9132 -1.3871 -1.393 1.3257 3.1925 -0.39741 1.3361 0.44484 0.12367 4.1445 1.5194 -0.92189 -0.45343 0.16573 -0.39144 -0.72244
-1.8774 0.37994 0.32572 -0.41718 0.045801 -1.3873 -1.1267 -0.92676 -0.88691 -0.36497 -0.77545 1.3332 1.2914 -1.4584 -1.1908 -1.5727 -0.56054 0.17633 0.062153 1.7723 0.53226 0.46004 -0.25031 -1.3142 0.053362
-0.71076 0.17351 -1.0937 -0.37461 0.33406 -0.086011 -1.3219 -1.5079 -0.091543 -0.29632 -1.8323 -0.86162 0.78801 1.096 0.21441 0.43934 0.70953 0.71653 1.4716 -0.35059 0.34595 0.47934 -0.2508 0.26223 -0.35431
-0.49719 0.67885 -0.11657 -0.24169 1.2145 -0.034197 -0.27923 -2.0324 0.076751 -0.41989 -1.2665 0.60626 0.3352 0.90685 -0.90318 0.44572 1.0675 1.5982 0.60949 -0.79114 1.1885 0.36256 -2.6193 -0.24514 -0.69327
-0.88538 0.13337 0.50439 -0.61437 -0.015793 -0.20287 -1.2671 -0.24907 1.6088 -1.2294 0.47722 0.88996 1.7158 -0.21443 -0.25374 0.010143 0.84452 0.47573 1.3265 0.54531 0.66153 -1.0997 0.33532 0.23837 0.16195
-0.3687 0.14404 -0.3333 -0.41733 -0.60901 -1.5125 -0.1101 -1.4745 0.13426 -0.069076 0.011938 -0.058318 2.0045 1.0023 -0.041322 0.96101 -0.34409 -0.45428 0.61182 0.70855 0.0073028 0.73249 0.52725 -0.31606 -0.98621
-1.1428 2.2301 0.4909 0.65185 -0.71877 0.34368 -0.80105 -0.38681 1.2711 -0.70369 0.3465 0.44263 2.4637 -1.5207 0.061127 -0.52936 0.84301 -0.45701 0.67818 0.69009 1.9513 -1.2164 1.0349 1.1238 1.6381
-0.57181 0.7425 0.17463 0.16407 0.70744 -1.8955 -0.27922 0.33404 -0.93481 -1.7045 0.15325 -0.64967 0.25018 -0.99317 1.6604 0.56122 0.46503 -0.05011 0.96163 -0.033472 0.004244 -2.872 0.11461 -0.2511 0.012228
-1.3977 -0.01241 0.42164 0.76861 0.22385 0.20368 0.29735 -1.6668 0.17061 -0.7359 -0.30774 0.38509 -1.4812 1.0109 -0.28168 -0.18082 0.02724 0.34649 0.53297 0.28832 -0.26251 0.62623 0.5936 0.4341 -0.75372
0.13167 0.68889 -0.51418 -1.0472 1.7995 -0.93513 -0.86718 0.19256 -0.36267 -2.1176 0.92043 2.1006 2.1594 0.60426 -0.8327 1.9831 1.4723 0.24155 1.3072 0.96319 -0.43524 -1.9408 -0.14551 -0.42192 0.61261
-0.17006 1.1161 0.74519 1.97 -0.47801 -0.93085 -0.60061 -1.4359 1.7594 -0.85031 -0.95405 0.011326 1.0793 -0.75807 0.34273 -0.080717 0.47297 1.3481 2.1511 0.9647 -1.9552 -1.3921 -0.22149 0.63774 1.0941
-1.7269 0.93697 0.21664 -0.42442 -1.6744 -0.79832 -0.92621 -0.63727 1.5336 0.24045 -0.19895 0.2096 0.83172 -0.2697 0.90915 -0.81136 0.32976 0.1958 0.79021 0.22471 -0.32398 -0.70526 -0.6912 -0.57018 0.039715
-0.49269 -0.042431 -1.4203 1.1126 -0.50094 0.019484 1.9017 0.90253 -2.0019 -0.39632 0.89075 -0.16314 1.6879 2.8174 -1.2168 -0.021789 0.24221 0.71296 1.0909 0.62463 -0.15855 -0.29404 -0.16923 -1.2348 -0.57557
-0.85857 -0.021171 1.0156 -0.18396 -1.0181 -0.33755 0.13388 -1.6796 -0.1615 1.8698 1.032 1.9732 0.61462 1.398 -0.20605 -0.90035 0.8913 1.5835 2.3826 -0.9552 -0.097814 0.62046 1.2436 -1.8674 -1.9108
-0.73447 -0.50614 -1.3827 0.061435 0.37992 -0.033242 -1.0101 -1.3034 -0.84933 1.0266 -0.77018 -0.41408 0.37073 0.55451 -0.32794 -0.4636 0.21118 -0.70631 0.011514 -0.19878 0.40211 -0.72777 -0.99342 -0.96853 -0.89314
0.2374 -0.082337 0.033847 0.16481 0.56373 1.4501 1.0612 -0.6545 -0.46525 -0.38329 0.19451 1.5954 1.2907 0.050268 1.8363 -0.5992 -0.45086 -2.1281 -0.24778 0.097859 0.78156 -1.0127 -1.2678 1.0772 -1.3432
-0.81223 -1.1444 -1.6377 0.52856 0.39806 0.10646 0.47611 -0.45352 -0.46571 -1.026 -0.22311 0.46965 -0.78505 0.71372 0.66022 1.1308 -0.092143 1.4605 -0.38981 0.48216 0.32791 0.094913 0.045702 -0.92126 -1.0249
-0.80506 0.51091 -0.52111 0.12301 -0.052577 -0.39619 -0.017011 -0.44007 -0.11649 -0.69789 -0.33873 -0.50964 1.0178 -0.38732 1.065 0.70117 0.58427 0.047482 1.1741 0.53671 0.4034 0.421 0.56354 0.72872 0.16834
-0.35588 1.426 0.036543 1.1915 1.2266 -0.33629 -0.93368 0.14606 -0.049613 0.022514 0.52816 0.60279 2.2168 -0.0095543 -0.62138 0.9505 -1.1497 -0.69938 0.82006 -0.92567 1.9291 -0.87732 0.6072 2.2994 -0.2074
-0.24986 -0.0024365 0.95149 -0.44723 -0.22697 -1.0897 -0.39741 -1.0531 1.7627 -0.32117 -1.028 -0.79074 0.51726 1.4486 0.50569 1.4278 1.4773 0.59606 0.65862 0.63596 -0.54779 -0.65971 -0.68487 1.2294 -0.25975
-1.3555 -0.97728 0.31943 -0.28443 -0.70671 -1.6466 1.0743 -1.292 -1.3023 1.1354 -0.76265 0.011084 0.83914 1.1991 -1.3104 -1.0822 2.165 0.66549 -0.31706 1.9062 0.18437 0.97893 0.81031 -0.43325 -0.71197
-0.67569 0.47218 -0.40359 1.1453 0.80354 -0.64265 -1.9176 -1.3059 -0.77073 0.087728 -0.77992 -0.95168 0.65407 1.372 -0.85558 0.38425 0.48526 0.94138 0.99342 0.096317 0.017001 -0.11068 -1.6188 -0.092669 -0.31767
-0.2894 -0.20693 1.0597 -0.86739 -0.39506 -0.80037 -0.70958 -1.4336 0.95166 0.18034 0.55777 -1.4961 0.85557 -0.16417 1.9463 0.60506 1.2192 0.77209 -0.70751 -0.43411 -0.94109 0.97149 -0.605 0.41646 1.071
-0.48804 1.432 -0.60785 -0.10624 0.028085 -1.1918 -1.1921 -1.3993 -0.3028 -0.15156 -1.11 -0.12278 1.6927 -0.79345 0.43713 0.64198 0.39729 -1.1378 -0.39504 0.36893 -0.49995 0.73991 -0.57114 0.65539 -0.30814
-0.55074 -1.4895 1.0262 0.52346 -0.2492 -0.53809 -0.25293 -0.66445 0.28081 -1.3762 0.25138 0.57699 1.4558 -0.095776 1.5332 -0.059565 0.25483 0.083188 1.2188 1.3062 0.21259 0.23809 -0.26801 1.2423 -0.40963
-0.9861 0.35184 0.21868 0.11171 -0.65605 -1.3858 -0.51623 -1.0978 0.37285 -1.1479 -0.69478 0.40985 0.4112 -0.84874 0.9734 0.073579 0.48651 0.053385 0.58774 0.30039 0.58204 1.1997 0.10553 0.17231 -0.70438
0.56889 0.051862 -1.3221 0.45424 -0.29896 -0.93387 -0.42556 -1.0768 -0.22313 0.004961 -0.54999 -0.55902 2.518 0.44269 1.0416 0.89614 -0.39679 -0.035074 0.7166 0.37406 -0.025248 0.25206 0.91681 0.1107 -0.5711
-0.80214 0.95382 1.7315 -1.2348 -0.14002 3.0888 -0.64128 -1.0692 0.78479 -2.6844 -1.3997 -1.8385 1.7724 1.0073 -0.087716 1.6777 0.72496 -1.4757 0.47219 0.96353 1.4754 -1.0789 1.6897 -3.061 0.32423
-0.20534 -0.51341 0.15362 -0.63611 -0.61367 -0.78132 1.0773 -0.57141 -0.75109 0.34908 -1.2265 0.45799 -0.71432 -0.51033 0.51253 0.16605 0.50441 0.042101 0.0045384 0.69458 0.31393 0.78131 -0.026953 0.74901 -0.096864
1.244 1.0052 -1.0472 -1.5362 -0.18218 -0.8479 -0.15975 -3.7329 0.3336 -1.5126 -1.619 -0.072114 1.8179 2.1284 -0.64085 2.447 0.42216 -1.8954 -0.69541 3.0799 -1.1667 -2.1243 0.97669 -0.47266 0.44414
0.56535 -1.603 -0.43784 0.56701 -0.44484 1.4931 0.97528 -0.63054 1.0354 0.15362 0.38555 0.52442 1.1581 1.1707 0.24384 -0.90959 -0.08716 -0.5363 0.0031364 -1.271 0.91689 0.081031 -1.4544 -0.27241 -1.6109
-1.1686 0.71328 -0.84075 0.87256 -0.8219 -1.3699 1.5024 0.53724 0.32939 0.89932 -1.4152 1.8023 0.64536 -0.25703 -0.49256 -0.87183 -0.58005 -0.39432 0.82274 0.53872 -0.16791 -0.67802 -0.66169 0.65247 -0.22008
-1.0599 2.5675 0.47428 -1.3218 -0.50784 0.852 -2.0154 -0.80146 1.4849 -1.0022 0.12486 1.1084 1.7529 0.15667 -0.59638 -0.14445 1.0071 0.4647 -0.6641 0.83634 0.71066 -0.79096 0.67665 0.35146 0.38622
0.9591 2.2294 0.25907 0.48486 -1.8182 -1.3625 -2.0646 1.8617 0.88815 -0.48842 0.14838 -1.5128 2.0847 1.6558 -4.4673 -0.12713 1.9067 -1.1705 2.6897 -1.721 0.49157 1.8689 -0.39513 0.17358 1.1509
-0.79197 0.44682 0.20541 -0.29036 -0.36026 -1.39 0.26172 -1.063 -0.84103 -0.22998 -0.85817 -0.92235 0.62672 -1.0529 1.0946 0.6601 0.2706 -0.14826 0.746 0.6841 0.77346 -0.17094 -0.23618 -0.68985 -0.014376
-0.54151 2.1884 1.6636 0.52852 -2.3005 -0.92906 -0.63049 -1.6152 0.29885 -1.9662 0.084335 0.61942 2.0988 -2.156 -4.5864 -0.93358 0.859 1.7107 0.23282 0.36744 1.5251 2.3954 -1.1531 -2.7125 1.3837
-0.32178 -0.24427 -0.48452 0.31115 -0.1296 2.1187 -0.53539 -0.24125 -0.37001 -0.18124 0.88097 0.32816 0.80242 0.39482 -0.73315 1.0095 0.51988 -0.2491 1.4261 0.12291 0.070669 0.51536 -2.3454 -1.2313 -2.0654
-0.24507 0.30635 1.5496 -1.0284 0.087002 -0.49086 1.0671 -1.8367 -0.044015 -1.0116 -0.69714 2.2007 1.3088 -0.2712 0.71387 -0.9725 0.017271 0.78247 0.031425 -1.2034 -0.46134 -0.80105 -0.80959 1.9373 -0.93654
-1.6332 1.3663 0.87234 -1.2558 -0.99449 2.1659 0.042119 -1.7654 -0.55608 -0.90664 -1.4126 0.32418 0.3689 -0.41652 0.41241 1.7312 -1.0466 -0.70762 1.5448 0.5403 -0.62429 1.4953 -0.65407 1.1849 0.18702
-0.32658 0.57813 -0.56704 -0.039197 -0.45299 0.14061 -1.927 -1.4835 -0.3932 -0.4248 0.067728 0.35781 -0.063178 -0.29009 0.32787 1.11 -0.021327 1.4062 0.14904 0.70566 -1.0943 -0.13087 -0.50801 0.35313 -0.37397
-1.4691 -0.060555 0.28528 1.3923 1.0624 -0.48395 -0.41775 -3.0541 -0.4859 -1.4758 -1.801 -0.16984 2.0233 0.033781 -0.74399 0.6991 -0.025766 0.25632 1.3708 0.9891 0.31077 0.011101 1.5642 1.7234 0.71458
-1.0948 1.2689 1.0708 -1.532 0.53429 0.90007 -1.3185 -0.062798 1.677 -2.5403 -0.32923 1.8556 1.1786 0.39807 0.24192 -0.44845 -0.85587 -0.13031 0.82752 -0.074647 1.9222 -0.046251 0.69754 -0.90844 0.42276
-1.9269 -1.5529 -0.16974 0.61369 -0.8584 -2.2498 0.79262 -0.79014 0.051729 -1.2438 -2.6266 1.5787 0.87183 -0.85955 -1.031 -0.067638 -1.0855 1.316 0.50749 0.4051 0.62502 -0.7907 -0.85297 -0.052897 -1.4073
